1.jpg 526 300 31 65
2.jpg 576 288 92 105
3.jpg 535 269 123 100
4.jpg 600 225 144 106
5.jpg 554 261 139 111
6.jpg 527 252 151 149
7.jpg 568 256 118 129
8.jpg 606 206 99 179
9.jpg 544 291 54 61
10.jpg 496 294 86 68
11.jpg 505 294 97 72
12.jpg 536 324 66 56
13.jpg 549 312 49 49
14.jpg 534 328 36 62
15.jpg 476 361 32 37
17.jpg 519 310 54 43
18.jpg 504 312 28 24
19.jpg 517 320 56 63
20.jpg 514 332 42 46
21.jpg 520 297 54 60
22.jpg 545 381 58 40
23.jpg 476 337 36 35
24.jpg 509 324 25 22
25.jpg 549 350 41 33
26.jpg 449 381 51 78
27.jpg 460 257 91 94
28.jpg 403 181 116 107
29.jpg 347 170 133 113
30.jpg 300 188 107 89
31.jpg 214 218 136 127
32.jpg 234 196 126 136
33.jpg 323 262 79 100
34.jpg 228 244 68 73
35.jpg 237 207 82 77
36.jpg 444 202 59 54
37.jpg 510 184 61 52
38.jpg 473 201 59 49
39.jpg 481 234 60 51
40.jpg 427 313 39 34
41.jpg 388 347 56 46
42.jpg 422 362 53 37
43.jpg 417 407 40 31
44.jpg 410 424 54 44
45.jpg 448 365 47 41
46.jpg 402 367 51 42
47.jpg 462 393 31 24
48.jpg 468 373 28 23
49.jpg 396 520 37 30
50.jpg 442 491 28 22
51.jpg 494 227 84 97
52.jpg 579 207 97 92
53.jpg 587 218 137 109
54.jpg 604 205 133 105
55.jpg 670 228 115 104
56.jpg 616 227 67 83
57.jpg 544 251 48 87
58.jpg 409 195 65 65
59.jpg 391 178 71 71
60.jpg 455 174 64 60
61.jpg 468 186 80 71
62.jpg 512 207 87 68
63.jpg 528 208 97 78
64.jpg 544 223 82 79
65.jpg 465 247 70 65
66.jpg 574 255 66 56
67.jpg 655 261 58 45
68.jpg 559 247 66 49
69.jpg 609 249 73 61
70.jpg 509 241 52 50
71.jpg 450 277 37 34
72.jpg 469 242 39 31
73.jpg 450 247 38 31
74.jpg 491 253 30 24
76.jpg 412 251 104 109
77.jpg 364 192 125 125
78.jpg 453 193 134 122
79.jpg 529 229 150 121
80.jpg 513 212 120 120
81.jpg 552 224 50 90
82.jpg 484 240 29 88
83.jpg 463 222 27 83
84.jpg 563 184 49 59
85.jpg 499 144 64 75
86.jpg 499 212 64 55
87.jpg 486 188 74 62
88.jpg 515 175 89 77
89.jpg 531 202 91 76
90.jpg 501 238 79 54
91.jpg 519 222 49 44
92.jpg 448 232 48 40
93.jpg 398 226 49 39
94.jpg 405 199 46 39
95.jpg 436 208 38 39
96.jpg 500 242 32 27
97.jpg 474 196 36 32
98.jpg 482 237 33 27
99.jpg 495 218 28 21
100.jpg 411 206 25 22
101.jpg 447 273 28 24
102.jpg 472 241 26 20
103.jpg 523 274 38 33
104.jpg 531 208 37 33
105.jpg 460 202 35 32
106.jpg 427 201 37 34
107.jpg 380 217 36 35
108.jpg 274 227 41 34
109.jpg 443 221 62 51
110.jpg 421 170 67 55
111.jpg 470 200 68 60
112.jpg 504 184 68 55
113.jpg 466 199 65 57
114.jpg 486 219 67 57
115.jpg 368 222 44 79
116.jpg 396 240 64 88
117.jpg 438 243 86 95
118.jpg 461 202 98 98
119.jpg 353 197 149 122
120.jpg 350 211 140 110
121.jpg 353 203 181 152
122.jpg 368 232 98 161
123.jpg 409 249 22 17
124.jpg 500 271 22 17
125.jpg 626 282 27 20
126.jpg 447 224 69 79
127.jpg 453 208 86 84
128.jpg 491 199 101 92
129.jpg 428 187 103 84
130.jpg 321 150 110 90
131.jpg 309 128 123 107
132.jpg 278 159 121 102
133.jpg 427 184 69 72
134.jpg 495 359 44 45
135.jpg 546 333 54 47
136.jpg 513 330 77 61
137.jpg 572 321 89 65
138.jpg 578 317 98 67
139.jpg 560 294 46 44
140.jpg 569 257 33 29
141.jpg 590 266 36 30
142.jpg 534 294 40 31
143.jpg 468 251 46 33
144.jpg 443 250 54 42
145.jpg 506 269 52 41
146.jpg 564 258 32 28
147.jpg 465 253 35 19
148.jpg 437 311 42 28
149.jpg 488 258 29 21
150.jpg 513 364 27 22
151.jpg 495 298 26 18
152.jpg 492 290 25 39
153.jpg 383 236 35 27
154.jpg 410 265 34 27
155.jpg 415 232 36 28
156.jpg 552 254 40 34
157.jpg 448 246 39 38
158.jpg 336 237 53 39
159.jpg 359 153 49 39
160.jpg 440 164 30 26
161.jpg 591 202 49 41
162.jpg 580 238 47 40
163.jpg 479 228 63 50
164.jpg 443 209 95 68
165.jpg 528 215 86 66
166.jpg 469 163 83 78
167.jpg 515 206 54 68
168.jpg 383 225 13 39
169.jpg 475 144 60 128
170.jpg 487 192 68 89
171.jpg 393 156 160 147
172.jpg 387 175 177 126
173.jpg 333 138 182 119
174.jpg 326 119 153 146
175.jpg 352 170 92 102
176.jpg 515 249 24 22
177.jpg 469 294 22 20
178.jpg 510 282 27 22
179.jpg 502 256 29 23
180.jpg 492 260 30 24
181.jpg 559 250 41 34
182.jpg 540 229 41 32
183.jpg 506 224 40 37
184.jpg 469 240 41 30
185.jpg 515 244 38 34
186.jpg 455 242 37 38
187.jpg 537 259 46 53
188.jpg 486 223 67 59
189.jpg 435 224 85 79
190.jpg 456 211 88 72
191.jpg 434 194 95 81
192.jpg 461 217 70 62
193.jpg 471 224 67 83
194.jpg 518 203 120 120
195.jpg 464 157 126 140
196.jpg 546 177 169 158
197.jpg 615 164 193 158
198.jpg 661 192 123 112
199.jpg 661 132 45 104

