1.jpg 213 246 175 224
2.jpg 156 260 211 239
3.jpg 101 211 155 237
4.jpg 295 313 47 157
5.jpg 257 328 67 110
6.jpg 209 293 89 118
7.jpg 204 315 98 111
9.jpg 286 316 58 65
10.jpg 274 283 60 71
12.jpg 262 277 47 74
13.jpg 155 312 226 269
14.jpg 57 269 206 240
15.jpg 207 290 80 171
17.jpg 249 250 107 123
18.jpg 205 311 69 101
19.jpg 289 318 44 88
20.jpg 248 313 49 60
21.jpg 240 341 45 69
22.jpg 240 330 57 67
23.jpg 224 320 61 69
24.jpg 241 308 64 73
26.jpg 269 308 63 80
27.jpg 263 361 47 51
28.jpg 232 332 41 45
30.jpg 297 324 34 46
31.jpg 316 346 28 33
32.jpg 312 388 24 28
33.jpg 503 265 42 161
34.jpg 420 239 125 265
35.jpg 380 231 206 271
36.jpg 283 262 299 338
37.jpg 340 217 194 264
38.jpg 340 221 117 112
39.jpg 366 206 108 108
40.jpg 416 298 82 101
41.jpg 368 290 48 85
42.jpg 357 322 47 51
43.jpg 339 317 43 52
44.jpg 345 317 41 51
45.jpg 370 308 44 49
46.jpg 363 363 30 33
47.jpg 357 349 30 33
48.jpg 312 296 27 34
49.jpg 340 299 24 31
50.jpg 288 326 24 26
51.jpg 344 360 20 24
52.jpg 335 313 19 21
53.jpg 307 332 17 20
54.jpg 420 280 48 124
55.jpg 379 214 151 223
56.jpg 285 282 120 137
57.jpg 287 277 69 79
58.jpg 360 244 68 79
59.jpg 329 300 56 72
60.jpg 350 298 48 70
61.jpg 362 295 35 47
62.jpg 381 249 36 47
63.jpg 447 251 40 46
64.jpg 343 222 39 41
65.jpg 357 298 29 24
67.jpg 341 283 27 31
68.jpg 328 305 29 40
69.jpg 332 325 26 35
70.jpg 300 367 12 14
71.jpg 373 374 22 25
72.jpg 353 358 20 25
75.jpg 377 264 208 265
76.jpg 330 274 217 243
77.jpg 334 269 165 196
78.jpg 357 268 109 114
79.jpg 353 273 88 104
82.jpg 393 297 79 97
83.jpg 371 316 56 92
84.jpg 337 325 43 59
85.jpg 344 279 46 58
86.jpg 400 266 52 75
88.jpg 438 254 57 72
89.jpg 416 301 61 65
90.jpg 337 331 37 47
92.jpg 298 301 40 50
94.jpg 347 275 17 21
95.jpg 418 304 16 20
96.jpg 456 323 18 22
97.jpg 397 230 75 207
98.jpg 379 184 118 219
99.jpg 406 192 187 248
100.jpg 293 149 195 222
101.jpg 300 268 164 206
102.jpg 336 262 110 119
103.jpg 408 285 127 118
104.jpg 403 275 92 111
105.jpg 417 302 80 101
106.jpg 453 307 46 90
107.jpg 373 357 52 59
108.jpg 401 301 53 71
109.jpg 413 334 51 57
110.jpg 303 346 38 44
111.jpg 333 306 39 46
112.jpg 381 360 40 43
113.jpg 399 297 40 43
114.jpg 351 363 26 36
115.jpg 362 319 28 30
116.jpg 414 317 31 30
117.jpg 374 315 30 34
118.jpg 411 242 93 244
119.jpg 449 193 114 281
120.jpg 415 200 208 276
121.jpg 293 252 264 296
123.jpg 422 269 102 122
125.jpg 366 315 48 56
126.jpg 383 299 49 57
127.jpg 327 253 56 59
128.jpg 290 350 61 62
129.jpg 361 334 48 43
130.jpg 362 322 43 42
131.jpg 350 334 37 42
132.jpg 406 343 32 31
133.jpg 358 232 30 54
134.jpg 406 326 34 33
135.jpg 420 149 25 156
136.jpg 382 193 87 189
137.jpg 395 233 149 207
138.jpg 292 198 180 205
139.jpg 354 235 158 183
140.jpg 368 294 81 93
141.jpg 389 272 78 91
142.jpg 431 283 88 87
143.jpg 452 263 70 77
144.jpg 370 308 52 69
145.jpg 312 329 38 46
146.jpg 317 340 38 46
147.jpg 328 337 38 40
148.jpg 332 410 28 37
149.jpg 369 320 23 25
150.jpg 361 321 24 25
151.jpg 362 314 23 25
152.jpg 331 285 22 25
153.jpg 326 335 21 20
154.jpg 302 324 21 21
155.jpg 278 269 19 21
156.jpg 379 271 40 159
157.jpg 399 222 75 164
158.jpg 428 198 127 166
159.jpg 399 174 144 172
160.jpg 391 195 135 159
161.jpg 385 272 73 84
162.jpg 457 266 67 75
163.jpg 324 235 50 64
164.jpg 403 271 47 61
165.jpg 466 255 43 60
166.jpg 413 266 29 56
167.jpg 407 292 27 41
168.jpg 386 267 30 41
169.jpg 366 176 34 46
170.jpg 350 270 35 45
171.jpg 284 314 41 44
172.jpg 353 294 29 33
173.jpg 381 339 24 31
174.jpg 425 323 27 33
175.jpg 416 323 23 34
176.jpg 395 347 22 29
177.jpg 424 292 76 160
178.jpg 390 211 101 197
179.jpg 378 227 116 155
180.jpg 355 234 124 145
181.jpg 364 305 138 152
182.jpg 403 247 131 150
183.jpg 382 267 105 133
184.jpg 380 274 87 128
185.jpg 341 331 58 69
186.jpg 391 273 63 71
187.jpg 415 282 68 70
188.jpg 396 270 69 71
189.jpg 364 270 63 72
190.jpg 380 258 64 75
191.jpg 358 295 57 72
192.jpg 384 284 42 41
193.jpg 340 289 42 45
194.jpg 395 205 44 52
195.jpg 424 306 43 47
196.jpg 338 311 34 43
197.jpg 336 275 27 29
198.jpg 367 303 25 27
199.jpg 321 314 26 29
200.jpg 326 278 25 31
201.jpg 358 285 30 33
202.jpg 451 344 100 174
203.jpg 403 248 138 181
204.jpg 385 288 142 166
205.jpg 367 323 107 175
206.jpg 446 272 81 110
207.jpg 443 289 81 96
208.jpg 470 274 85 91
209.jpg 422 277 79 88
210.jpg 396 274 71 86
211.jpg 387 271 61 84
212.jpg 295 312 46 49
213.jpg 334 271 48 53
214.jpg 311 189 52 59
215.jpg 302 242 52 57
216.jpg 349 263 50 57
217.jpg 361 338 33 34
218.jpg 385 295 33 34
219.jpg 376 277 32 35
220.jpg 343 330 30 34
