1.jpg 523 308 69 82
2.jpg 461 323 87 81
3.jpg 361 283 171 102
4.jpg 383 303 152 76
5.jpg 370 302 197 87
6.jpg 298 333 181 77
7.jpg 642 481 169 93
8.jpg 481 362 47 52
9.jpg 427 305 88 38
10.jpg 403 311 110 52
11.jpg 424 306 77 42
12.jpg 470 286 59 23
12.jpg 469 268 65 42
13.jpg 424 319 42 43
14.jpg 395 435 37 35
15.jpg 419 277 78 35
16.jpg 409 274 84 40
17.jpg 470 300 63 37
18.jpg 499 317 38 28
19.jpg 752 313 18 31
20.jpg 458 379 25 16
21.jpg 426 329 39 27
22.jpg 455 324 33 17
23.jpg 477 341 21 13
24.jpg 452 375 19 12
25.jpg 494 367 18 17
26.jpg 474 393 12 7
27.jpg 468 303 26 59
28.jpg 349 240 41 60
29.jpg 311 238 83 87
30.jpg 255 216 112 97
31.jpg 320 226 138 103
32.jpg 328 229 113 104
33.jpg 348 232 109 108
34.jpg 383 247 97 99
35.jpg 404 228 74 68
36.jpg 361 233 106 91
37.jpg 328 220 122 97
38.jpg 318 249 93 84
39.jpg 367 239 81 71
40.jpg 445 247 34 48
41.jpg 461 251 19 37
42.jpg 452 231 22 45
43.jpg 362 244 49 48
44.jpg 384 244 65 52
45.jpg 295 253 60 51
46.jpg 481 257 54 54
47.jpg 374 274 44 39
48.jpg 448 257 51 41
49.jpg 409 296 38 37
50.jpg 412 341 34 29
51.jpg 451 283 38 30
52.jpg 321 291 107 113
53.jpg 192 296 160 95
54.jpg 213 277 173 82
55.jpg 303 298 153 68
56.jpg 284 290 128 62
57.jpg 351 299 94 57
58.jpg 337 252 61 56
59.jpg 458 324 16 40
60.jpg 443 288 46 32
61.jpg 249 302 76 42
62.jpg 335 308 47 31
62.jpg 304 301 93 45
63.jpg 272 314 76 35
64.jpg 317 290 129 50
65.jpg 265 303 110 56
66.jpg 312 335 86 63
67.jpg 321 328 47 42
68.jpg 306 309 74 42
69.jpg 273 318 80 38
70.jpg 329 339 86 34
71.jpg 347 332 49 25
72.jpg 302 327 42 32
73.jpg 458 352 26 26
74.jpg 395 356 29 16
75.jpg 348 352 51 21
76.jpg 360 326 50 23
77.jpg 395 321 19 12
78.jpg 402 363 21 13
79.jpg 509 239 120 161
80.jpg 475 205 170 155
81.jpg 543 207 167 147
82.jpg 558 197 179 154
83.jpg 585 192 145 147
84.jpg 679 193 100 135
85.jpg 543 227 39 112
86.jpg 499 169 46 148
87.jpg 519 259 84 101
88.jpg 520 222 85 78
89.jpg 548 203 101 85
90.jpg 538 196 98 92
91.jpg 608 207 77 97
92.jpg 415 230 17 58
93.jpg 447 425 59 54
94.jpg 515 294 53 60
95.jpg 489 288 68 62
96.jpg 366 189 97 83
97.jpg 512 224 75 74
98.jpg 445 259 48 60
99.jpg 367 228 64 55
100.jpg 429 261 38 43
101.jpg 523 250 43 43
102.jpg 568 298 38 34
103.jpg 476 265 49 42
104.jpg 448 288 32 58
105.jpg 433 237 25 60
105.jpg 415 236 43 61
106.jpg 486 183 82 81
107.jpg 350 201 109 90
108.jpg 425 167 132 109
109.jpg 440 173 92 120
110.jpg 452 169 86 109
111.jpg 478 181 46 81
112.jpg 487 212 31 56
113.jpg 381 192 54 53
114.jpg 396 288 57 44
115.jpg 357 198 78 61
116.jpg 426 224 49 47
117.jpg 372 225 43 45
118.jpg 451 294 17 37
119.jpg 439 266 36 37
120.jpg 407 239 44 36
121.jpg 476 142 60 47
122.jpg 435 257 52 43
123.jpg 500 333 32 35
124.jpg 472 285 28 38
125.jpg 398 258 51 40
126.jpg 499 260 33 26
127.jpg 551 284 37 36
128.jpg 445 319 35 27
129.jpg 429 272 29 58
130.jpg 467 232 55 62
131.jpg 454 230 74 69
132.jpg 532 201 89 70
133.jpg 570 219 78 63
134.jpg 568 226 73 62
135.jpg 530 215 74 73
136.jpg 493 258 51 65
137.jpg 448 269 41 49
138.jpg 448 269 48 45
139.jpg 468 231 60 51
140.jpg 416 274 56 46
141.jpg 427 223 53 46
142.jpg 452 223 51 47
143.jpg 492 288 33 32
144.jpg 429 267 31 31
145.jpg 424 270 40 33
146.jpg 444 255 42 33
147.jpg 422 236 47 36
148.jpg 448 261 36 34
149.jpg 393 259 23 25
150.jpg 451 226 24 27
151.jpg 408 229 38 28
152.jpg 464 240 24 20
153.jpg 494 271 21 21
154.jpg 556 217 32 55
155.jpg 539 200 60 73
156.jpg 450 260 83 73
157.jpg 390 216 89 84
158.jpg 357 204 134 104
159.jpg 374 181 129 106
160.jpg 384 189 132 104
161.jpg 394 388 76 65
162.jpg 445 294 51 46
163.jpg 515 256 56 56
164.jpg 604 240 69 57
165.jpg 524 211 56 44
166.jpg 471 223 74 58
167.jpg 485 178 51 59
168.jpg 483 191 47 51
169.jpg 464 216 43 41
170.jpg 491 203 50 46
171.jpg 441 197 46 44
172.jpg 406 181 48 50
173.jpg 447 263 61 46
174.jpg 600 250 58 46
175.jpg 580 240 42 34
176.jpg 617 134 38 35
177.jpg 510 236 30 24
178.jpg 524 242 23 21
179.jpg 396 221 46 75
180.jpg 386 200 51 84
181.jpg 386 194 115 112
182.jpg 421 178 144 125
183.jpg 423 152 151 133
184.jpg 463 120 147 128
185.jpg 438 128 138 133
186.jpg 562 176 73 82
187.jpg 529 138 73 62
188.jpg 285 160 85 87
189.jpg 392 216 86 72
190.jpg 282 194 87 71
191.jpg 295 213 75 68
192.jpg 376 208 42 44
193.jpg 355 250 48 45
194.jpg 411 272 52 41
195.jpg 494 353 61 40
196.jpg 445 302 53 40
197.jpg 429 363 39 29
198.jpg 404 291 22 20
199.jpg 402 272 25 22
200.jpg 473 269 30 24
201.jpg 494 210 15 17
202.jpg 405 236 14 15
