1.jpg 423 253 76 184
2.jpg 426 271 158 261
3.jpg 317 184 234 279
4.jpg 373 207 219 363
6.jpg 331 281 104 130
10.jpg 353 266 66 88
11.jpg 324 281 63 73
12.jpg 313 286 68 68
13.jpg 440 310 88 212
14.jpg 330 269 194 243
16.jpg 380 314 67 114
17.jpg 393 229 87 148
19.jpg 336 316 89 136
20.jpg 300 311 60 77
25.jpg 329 306 43 77
26.jpg 350 312 34 75
27.jpg 320 357 36 55
28.jpg 286 328 39 51
31.jpg 341 346 35 39
33.jpg 250 227 185 323
34.jpg 41 228 297 339
36.jpg 35 225 201 318
37.jpg 241 219 89 202
38.jpg 267 217 76 102
39.jpg 285 203 78 101
40.jpg 299 299 90 104
41.jpg 282 286 64 96
42.jpg 317 322 41 51
43.jpg 286 316 45 52
44.jpg 294 318 44 48
45.jpg 323 305 43 60
46.jpg 330 363 29 34
47.jpg 309 350 46 36
48.jpg 277 293 31 39
49.jpg 306 299 33 40
50.jpg 263 326 23 26
51.jpg 320 360 23 26
52.jpg 315 313 19 21
53.jpg 286 331 19 20
54.jpg 224 266 153 240
55.jpg 114 225 219 246
56.jpg 164 283 108 127
57.jpg 217 229 64 131
58.jpg 285 243 69 77
60.jpg 274 301 73 83
61.jpg 317 296 40 54
62.jpg 338 248 40 50
64.jpg 298 221 40 46
65.jpg 327 296 28 33
67.jpg 309 283 30 32
69.jpg 299 320 31 40
71.jpg 351 374 22 25
72.jpg 328 357 23 26
74.jpg 59 233 275 385
75.jpg 44 286 251 275
76.jpg 96 290 179 221
77.jpg 196 275 108 164
78.jpg 279 271 65 102
79.jpg 267 275 67 99
80.jpg 289 304 76 93
81.jpg 261 292 114 99
83.jpg 261 317 75 81
86.jpg 324 271 55 60
87.jpg 341 246 76 63
88.jpg 371 270 53 63
89.jpg 363 302 46 60
92.jpg 257 312 40 41
93.jpg 318 360 17 28
94.jpg 311 273 29 30
95.jpg 380 304 31 29
97.jpg 169 259 184 272
98.jpg 98 215 223 268
99.jpg 97 221 235 258
100.jpg 61 179 165 208
101.jpg 167 291 87 170
102.jpg 221 269 85 113
103.jpg 301 289 92 113
104.jpg 274 290 95 111
105.jpg 302 314 92 105
106.jpg 361 317 73 99
107.jpg 300 364 62 98
108.jpg 337 305 50 57
109.jpg 356 335 47 55
110.jpg 257 352 45 43
113.jpg 354 300 39 42
114.jpg 320 366 26 29
115.jpg 332 322 27 30
116.jpg 384 319 29 30
117.jpg 344 319 28 33
118.jpg 181 281 214 295
119.jpg 124 224 272 316
120.jpg 76 224 255 289
121.jpg 99 270 126 243
122.jpg 274 282 106 120
123.jpg 291 273 100 126
124.jpg 243 274 92 113
125.jpg 306 323 53 56
126.jpg 323 304 48 56
127.jpg 268 260 52 60
128.jpg 229 349 49 60
130.jpg 318 324 38 41
131.jpg 295 336 44 44
133.jpg 322 254 31 34
134.jpg 373 326 34 34
135.jpg 252 158 115 210
136.jpg 126 203 180 228
137.jpg 108 260 195 219
138.jpg 69 208 146 190
139.jpg 256 248 70 147
140.jpg 295 295 65 84
141.jpg 313 297 63 64
142.jpg 358 292 68 80
143.jpg 378 267 65 75
144.jpg 303 318 53 67
148.jpg 293 421 31 33
152.jpg 305 291 15 21
153.jpg 307 333 19 22
154.jpg 283 312 19 33
155.jpg 260 268 17 22
156.jpg 238 285 118 179
157.jpg 218 231 143 178
158.jpg 228 200 140 168
159.jpg 223 179 116 157
160.jpg 277 209 67 137
161.jpg 306 281 55 78
162.jpg 377 274 57 69
163.jpg 252 238 55 64
164.jpg 337 278 51 60
165.jpg 400 261 56 59
166.jpg 359 272 43 57
167.jpg 369 297 32 39
168.jpg 342 268 37 42
169.jpg 319 180 37 44
170.jpg 302 271 37 43
171.jpg 239 315 37 42
172.jpg 319 294 30 35
175.jpg 383 322 35 44
177.jpg 253 306 141 184
178.jpg 194 252 156 189
179.jpg 191 241 143 163
180.jpg 185 240 126 147
181.jpg 215 303 105 141
182.jpg 282 254 82 132
183.jpg 298 274 56 115
184.jpg 329 279 39 109
185.jpg 296 340 28 64
186.jpg 336 280 38 67
187.jpg 354 289 46 67
188.jpg 329 278 51 67
189.jpg 286 274 57 70
190.jpg 294 264 66 71
191.jpg 255 300 88 70
192.jpg 331 288 44 43
193.jpg 293 289 39 43
194.jpg 348 210 36 46
195.jpg 383 306 35 44
196.jpg 308 310 24 40
197.jpg 310 276 22 28
198.jpg 340 302 23 29
199.jpg 293 316 24 29
200.jpg 293 280 27 29
202.jpg 251 317 173 278
203.jpg 178 254 184 200
204.jpg 237 295 104 144
205.jpg 277 303 49 167
206.jpg 365 270 57 104
207.jpg 363 292 54 87
208.jpg 378 274 69 85
209.jpg 329 279 71 86
210.jpg 291 281 83 86
211.jpg 283 265 82 99
212.jpg 244 317 43 48
213.jpg 282 273 44 52
214.jpg 256 187 46 57
215.jpg 254 238 41 56
216.jpg 304 259 37 55
217.jpg 328 338 27 34
218.jpg 351 294 28 34
219.jpg 341 278 32 35
220.jpg 305 329 33 35
