1.jpg 559 287 42 36
2.jpg 297 182 86 130
3.jpg 399 159 102 100
4.jpg 531 230 68 32
5.jpg 586 193 78 40
6.jpg 463 185 76 41
7.jpg 511 188 106 56
8.jpg 509 178 102 54
10.jpg 429 118 160 89
12.jpg 0 116 122 73
14.jpg 447 194 32 16
15.jpg 393 78 35 18
20.jpg 646 226 22 17
22.jpg 636 177 60 31
23.jpg 518 185 50 27
24.jpg 504 182 88 45
25.jpg 791 189 73 44
26.jpg 830 16 130 92
27.jpg 357 259 45 25
28.jpg 357 292 44 23
29.jpg 314 263 39 24
30.jpg 348 233 49 42
31.jpg 289 192 174 102
32.jpg 462 273 75 39
33.jpg 456 262 63 38
34.jpg 394 220 194 96
35.jpg 446 240 63 50
36.jpg 499 301 107 58
37.jpg 444 254 91 54
38.jpg 382 250 58 54
39.jpg 490 184 148 69
40.jpg 385 209 31 23
41.jpg 387 229 24 20
42.jpg 261 271 86 45
43.jpg 353 264 75 40
44.jpg 289 287 90 51
45.jpg 227 286 123 67
46.jpg 189 277 109 84
47.jpg 482 305 40 30
48.jpg 432 340 42 28
49.jpg 379 288 46 29
50.jpg 165 309 67 35
51.jpg 238 216 69 36
52.jpg 350 340 61 31
53.jpg 133 134 77 38
54.jpg 692 240 60 31
55.jpg 426 99 71 36
56.jpg 90 87 76 43
57.jpg 101 288 47 24
58.jpg 354 312 36 20
59.jpg 411 222 42 22
60.jpg 420 285 36 25
61.jpg 388 319 40 22
62.jpg 311 336 34 19
63.jpg 311 338 35 19
64.jpg 406 271 35 21
65.jpg 223 262 33 21
66.jpg 346 313 32 21
67.jpg 337 336 27 15
68.jpg 363 315 31 17
69.jpg 329 299 29 15
70.jpg 450 314 30 16
71.jpg 443 259 31 16
72.jpg 405 296 28 16
73.jpg 356 300 31 17
74.jpg 209 276 31 17
76.jpg 389 306 25 13
79.jpg 392 304 24 14
80.jpg 467 400 77 149
81.jpg 471 412 58 123
82.jpg 323 78 165 89
83.jpg 329 478 155 79
84.jpg 81 75 163 81
85.jpg 540 76 123 73
86.jpg 628 445 59 78
88.jpg 372 251 27 33
89.jpg 621 209 61 40
90.jpg 363 291 63 34
91.jpg 466 478 75 36
92.jpg 669 144 58 35
93.jpg 438 344 61 19
94.jpg 383 379 29 43
95.jpg 464 285 39 20
96.jpg 407 281 37 19
97.jpg 485 402 30 30
98.jpg 421 397 18 22
99.jpg 439 387 20 33
100.jpg 442 384 27 16
101.jpg 349 356 24 14
102.jpg 422 432 23 20
103.jpg 434 415 18 18
104.jpg 471 444 11 18
105.jpg 530 333 21 10
108.jpg 287 336 64 62
109.jpg 353 261 105 61
110.jpg 336 284 148 64
111.jpg 128 118 132 67
112.jpg 476 91 91 66
113.jpg 381 64 64 68
115.jpg 351 358 61 58
116.jpg 460 359 22 29
117.jpg 364 383 38 30
118.jpg 476 266 60 34
119.jpg 444 263 61 31
120.jpg 609 454 67 36
121.jpg 141 288 64 34
122.jpg 641 346 57 33
123.jpg 377 291 35 25
124.jpg 390 269 42 16
125.jpg 408 302 50 23
126.jpg 708 387 49 22
127.jpg 387 438 49 23
128.jpg 357 352 44 21
129.jpg 355 388 32 18
130.jpg 369 334 26 16
131.jpg 407 334 34 28
132.jpg 411 376 22 13
133.jpg 328 367 28 13
134.jpg 464 361 23 12
135.jpg 500 272 25 13
136.jpg 313 250 26 14
137.jpg 381 320 24 13
138.jpg 508 203 61 89
139.jpg 345 243 115 73
140.jpg 428 211 165 68
141.jpg 456 236 142 65
142.jpg 328 214 113 62
143.jpg 345 73 107 74
144.jpg 308 225 47 46
145.jpg 317 231 27 51
147.jpg 413 241 36 30
148.jpg 464 247 39 30
149.jpg 298 69 51 36
150.jpg 744 66 56 34
151.jpg 569 519 59 35
152.jpg 522 25 65 37
153.jpg 280 72 76 41
154.jpg 736 476 65 35
155.jpg 332 398 58 32
156.jpg 419 165 46 25
157.jpg 512 282 44 23
158.jpg 416 295 41 23
159.jpg 340 286 37 22
160.jpg 446 304 29 20
161.jpg 368 325 23 18
162.jpg 360 286 28 27
163.jpg 429 365 21 15
164.jpg 398 296 28 14
165.jpg 381 282 28 16
166.jpg 471 262 31 16
167.jpg 485 246 31 17
168.jpg 672 333 34 18
169.jpg 469 407 42 20
170.jpg 402 300 38 19
171.jpg 423 283 28 15
172.jpg 259 325 28 13
173.jpg 364 291 35 18
174.jpg 375 282 22 14
175.jpg 394 322 29 17
177.jpg 397 291 32 17
178.jpg 518 320 30 16
179.jpg 406 341 26 13
180.jpg 478 335 19 13
181.jpg 453 319 26 14
182.jpg 450 335 24 13
184.jpg 602 360 24 13
185.jpg 355 260 24 9
187.jpg 147 275 78 69
188.jpg 196 319 94 58
189.jpg 290 52 133 81
190.jpg 66 431 150 73
191.jpg 385 487 145 70
192.jpg 198 254 135 67
193.jpg 249 276 92 55
194.jpg 357 289 68 51
195.jpg 350 311 50 49
196.jpg 761 331 44 51
197.jpg 221 281 35 29
198.jpg 278 309 52 29
199.jpg 418 393 56 33
200.jpg 353 342 64 32
201.jpg 389 324 23 13
202.jpg 436 339 14 8
203.jpg 429 299 16 8
205.jpg 381 324 16 9
208.jpg 425 332 16 8
210.jpg 391 314 14 8
211.jpg 678 322 84 37
212.jpg 70 487 85 41
213.jpg 341 470 73 38
214.jpg 682 464 62 43
215.jpg 185 100 43 36
216.jpg 177 97 42 37
217.jpg 164 97 44 37
218.jpg 157 103 44 37
219.jpg 159 112 44 37
220.jpg 430 323 44 36
221.jpg 431 479 36 42
222.jpg 365 417 44 25
223.jpg 433 315 47 25
224.jpg 124 324 54 25
225.jpg 148 99 57 30
226.jpg 126 97 58 29
227.jpg 107 95 58 30
228.jpg 405 88 52 28
229.jpg 444 370 39 21
230.jpg 86 353 37 18
231.jpg 349 267 25 15
232.jpg 379 329 32 16
233.jpg 423 383 24 17
234.jpg 399 319 19 10
235.jpg 381 316 29 16
236.jpg 420 352 21 11
237.jpg 425 320 20 11
238.jpg 347 356 23 13
239.jpg 211 298 17 10
240.jpg 426 319 25 10
244.jpg 484 283 21 10
245.jpg 448 322 19 8
246.jpg 166 207 95 105
247.jpg 301 276 107 74
248.jpg 132 105 164 98
249.jpg 300 231 147 76
250.jpg 293 225 133 68
251.jpg 135 294 126 65
252.jpg 153 153 97 63
253.jpg 452 198 67 57
254.jpg 397 239 47 49
255.jpg 370 248 42 58
256.jpg 419 325 36 39
