1.jpg 387 247 78 43
2.jpg 442 245 67 52
3.jpg 74 45 168 94
4.jpg 398 234 89 45
5.jpg 340 315 145 86
6.jpg 489 241 83 58
7.jpg 334 155 184 176
8.jpg 371 155 175 124
9.jpg 485 261 95 52
10.jpg 484 242 124 66
11.jpg 446 248 79 50
12.jpg 267 157 161 82
13.jpg 428 211 136 80
14.jpg 537 275 152 81
15.jpg 454 210 148 87
16.jpg 366 237 89 45
17.jpg 268 169 158 79
18.jpg 463 277 35 13
19.jpg 432 277 45 26
20.jpg 429 247 42 36
21.jpg 445 253 37 36
22.jpg 445 229 51 47
23.jpg 353 235 83 42
24.jpg 12 1 116 221
25.jpg 382 263 102 57
26.jpg 397 302 49 39
27.jpg 456 322 21 10
28.jpg 383 358 20 12
29.jpg 253 299 21 14
30.jpg 470 322 20 12
31.jpg 414 346 15 7
32.jpg 387 327 21 10
33.jpg 407 404 22 12
34.jpg 523 287 21 11
35.jpg 479 324 19 10
36.jpg 268 238 83 84
37.jpg 482 286 83 64
38.jpg 353 120 156 85
39.jpg 509 228 150 92
40.jpg 511 238 116 60
41.jpg 333 299 107 59
42.jpg 299 158 109 71
43.jpg 546 198 94 76
44.jpg 457 238 51 66
45.jpg 421 256 34 46
46.jpg 465 315 32 45
47.jpg 549 298 31 34
48.jpg 515 336 28 33
49.jpg 474 285 49 31
50.jpg 269 311 55 31
51.jpg 331 216 69 45
52.jpg 448 339 60 31
53.jpg 243 129 78 40
54.jpg 787 236 81 39
55.jpg 532 99 70 41
56.jpg 200 89 74 46
57.jpg 176 275 46 37
58.jpg 414 300 45 31
59.jpg 469 205 58 75
60.jpg 473 280 40 30
61.jpg 452 316 35 20
62.jpg 361 333 38 23
63.jpg 362 335 38 35
64.jpg 456 270 32 23
65.jpg 272 262 28 20
66.jpg 392 311 33 24
67.jpg 377 334 28 18
68.jpg 408 315 22 22
69.jpg 374 296 31 26
70.jpg 494 311 39 39
71.jpg 494 257 37 18
72.jpg 445 288 43 36
73.jpg 404 299 31 16
74.jpg 257 276 31 17
75.jpg 333 318 19 8
76.jpg 428 302 26 19
77.jpg 410 317 29 14
78.jpg 440 308 33 20
79.jpg 428 303 26 22
80.jpg 576 442 31 98
81.jpg 577 442 32 97
82.jpg 591 92 88 65
83.jpg 602 497 148 81
84.jpg 358 100 153 82
85.jpg 767 85 158 88
86.jpg 773 467 93 103
87.jpg 595 225 102 90
88.jpg 412 263 22 30
89.jpg 717 220 50 41
90.jpg 479 300 45 28
91.jpg 605 489 60 32
92.jpg 784 147 71 45
94.jpg 413 373 22 42
95.jpg 538 284 33 19
96.jpg 488 280 37 20
97.jpg 545 404 26 25
98.jpg 461 396 23 31
99.jpg 477 374 18 37
100.jpg 506 386 30 19
101.jpg 409 358 24 14
102.jpg 469 437 19 17
103.jpg 463 411 21 22
104.jpg 496 441 20 24
105.jpg 580 337 21 12
106.jpg 513 358 19 10
107.jpg 527 377 19 10
108.jpg 356 347 62 44
109.jpg 525 265 107 66
110.jpg 548 296 130 67
111.jpg 355 135 128 75
112.jpg 664 99 113 78
113.jpg 522 70 70 83
114.jpg 508 453 34 73
115.jpg 438 364 52 73
116.jpg 513 363 32 42
117.jpg 449 391 32 34
118.jpg 584 278 49 31
119.jpg 557 268 73 43
120.jpg 730 461 85 50
121.jpg 247 298 59 31
122.jpg 706 353 59 37
123.jpg 423 297 33 24
124.jpg 442 270 29 18
125.jpg 461 297 36 20
126.jpg 774 389 49 29
127.jpg 458 441 43 27
128.jpg 428 357 33 19
129.jpg 416 385 32 19
130.jpg 421 333 25 17
131.jpg 461 341 20 18
132.jpg 450 380 23 13
133.jpg 369 369 25 13
134.jpg 513 359 25 14
135.jpg 540 272 26 14
136.jpg 356 252 26 14
137.jpg 414 320 24 14
138.jpg 451 217 49 76
139.jpg 174 256 94 66
140.jpg 203 219 130 69
141.jpg 236 242 133 65
142.jpg 65 209 163 76
143.jpg 88 55 170 92
144.jpg 180 219 80 56
145.jpg 235 222 49 65
146.jpg 293 270 31 48
147.jpg 335 238 34 34
148.jpg 374 248 43 33
149.jpg 173 64 58 39
150.jpg 601 59 77 47
151.jpg 424 515 81 47
152.jpg 377 26 66 38
153.jpg 138 61 82 52
154.jpg 582 477 94 46
155.jpg 187 398 95 50
156.jpg 319 161 61 32
157.jpg 415 280 58 31
158.jpg 317 293 60 29
159.jpg 252 283 51 28
160.jpg 384 303 27 20
161.jpg 315 322 22 19
162.jpg 326 291 16 19
163.jpg 383 363 23 17
164.jpg 352 296 20 15
165.jpg 330 281 25 17
166.jpg 406 259 40 20
167.jpg 417 242 40 21
168.jpg 602 331 39 24
169.jpg 403 408 41 22
170.jpg 352 302 37 19
171.jpg 368 283 31 16
172.jpg 204 323 29 19
173.jpg 318 294 24 15
174.jpg 319 281 33 18
175.jpg 350 321 22 15
176.jpg 375 331 25 14
177.jpg 351 293 28 14
178.jpg 474 321 24 15
179.jpg 360 339 27 17
180.jpg 435 337 20 12
181.jpg 415 320 24 12
182.jpg 411 333 25 17
183.jpg 415 316 21 11
184.jpg 568 360 29 14
185.jpg 323 261 20 10
186.jpg 323 366 20 11
187.jpg 302 279 82 69
188.jpg 387 311 94 62
189.jpg 525 64 116 73
190.jpg 329 427 127 68
191.jpg 631 485 171 78
192.jpg 444 256 147 72
193.jpg 449 277 113 64
194.jpg 486 271 130 81
195.jpg 434 304 64 60
196.jpg 807 324 50 65
197.jpg 305 280 43 35
198.jpg 412 307 50 33
199.jpg 551 385 84 49
200.jpg 516 339 66 34
201.jpg 427 321 14 14
202.jpg 457 324 34 30
203.jpg 460 295 20 20
204.jpg 506 291 23 18
205.jpg 415 323 14 8
206.jpg 414 299 12 7
207.jpg 495 301 20 43
208.jpg 450 334 16 6
209.jpg 412 312 13 9
210.jpg 418 315 7 5
211.jpg 853 322 88 43
212.jpg 254 486 63 35
213.jpg 484 462 70 39
214.jpg 807 463 51 36
215.jpg 282 106 48 43
216.jpg 276 103 47 42
217.jpg 264 103 48 43
218.jpg 261 111 42 37
219.jpg 258 117 49 42
220.jpg 519 321 45 39
221.jpg 511 480 34 42
222.jpg 461 416 35 22
223.jpg 532 313 51 29
224.jpg 229 326 53 26
225.jpg 264 110 57 31
226.jpg 246 109 51 27
227.jpg 224 106 58 30
228.jpg 511 96 56 30
229.jpg 516 380 35 21
230.jpg 156 350 38 23
231.jpg 413 268 29 16
232.jpg 444 332 29 15
233.jpg 477 382 28 16
234.jpg 442 317 26 15
235.jpg 440 319 22 11
236.jpg 471 352 24 12
