1.jpg 469 251 27 48
2.jpg 511 224 37 52
3.jpg 517 214 55 60
4.jpg 492 224 61 63
5.jpg 476 218 73 71
6.jpg 444 206 86 82
7.jpg 475 199 93 86
8.jpg 473 195 103 93
9.jpg 420 201 115 95
10.jpg 435 206 111 100
11.jpg 342 186 116 111
12.jpg 374 261 55 49
13.jpg 461 262 56 49
14.jpg 459 203 40 46
15.jpg 455 213 57 48
16.jpg 439 230 54 45
17.jpg 480 209 54 47
18.jpg 423 208 46 44
19.jpg 475 211 43 42
20.jpg 469 200 47 43
21.jpg 400 216 41 41
22.jpg 409 225 36 37
23.jpg 452 228 32 36
24.jpg 448 293 29 24
25.jpg 434 267 29 25
26.jpg 446 245 29 24
27.jpg 476 258 26 24
28.jpg 476 248 22 21
29.jpg 474 250 20 15
30.jpg 506 243 29 26
31.jpg 500 233 38 27
32.jpg 490 330 21 20
33.jpg 489 330 23 19
34.jpg 515 231 23 25
35.jpg 477 262 26 19
36.jpg 495 265 23 19
37.jpg 491 252 23 19
38.jpg 418 253 114 100
39.jpg 454 233 44 87
40.jpg 402 213 68 92
41.jpg 357 203 82 92
42.jpg 425 223 94 92
43.jpg 484 206 131 96
44.jpg 503 229 108 94
45.jpg 478 224 106 94
46.jpg 472 205 107 95
47.jpg 426 192 98 97
48.jpg 511 214 101 95
49.jpg 521 180 109 119
50.jpg 555 220 70 110
51.jpg 451 264 23 52
52.jpg 452 228 28 53
53.jpg 420 234 40 54
54.jpg 402 195 100 79
55.jpg 367 217 70 72
56.jpg 341 210 71 71
57.jpg 304 199 61 68
58.jpg 360 208 58 58
59.jpg 384 184 69 59
60.jpg 368 187 65 62
61.jpg 414 200 66 60
62.jpg 421 190 68 61
63.jpg 477 198 72 63
64.jpg 450 191 71 63
65.jpg 382 195 71 64
66.jpg 391 199 69 63
67.jpg 426 202 69 65
68.jpg 412 195 64 65
69.jpg 426 181 57 66
70.jpg 475 198 50 69
71.jpg 488 196 41 70
72.jpg 499 208 36 72
73.jpg 467 278 20 33
74.jpg 498 235 54 58
75.jpg 502 248 41 58
76.jpg 525 194 52 63
77.jpg 479 165 76 64
78.jpg 435 184 61 64
79.jpg 392 237 44 38
80.jpg 377 214 49 38
81.jpg 388 203 41 41
82.jpg 373 215 54 42
83.jpg 61 195 427 128
84.jpg 475 201 51 41
85.jpg 406 157 64 45
86.jpg 391 145 61 46
87.jpg 353 220 60 47
88.jpg 351 219 59 51
89.jpg 402 242 48 47
90.jpg 369 239 56 46
91.jpg 347 248 48 50
92.jpg 437 227 49 50
93.jpg 608 236 37 52
94.jpg 448 284 24 34
95.jpg 588 242 26 30
96.jpg 566 227 26 29
97.jpg 517 198 27 26
98.jpg 523 233 23 32
99.jpg 512 240 31 33
100.jpg 490 249 31 23
101.jpg 492 239 33 26
102.jpg 434 223 34 24
103.jpg 451 208 34 25
104.jpg 398 291 35 25
105.jpg 455 278 34 25
106.jpg 541 238 34 26
107.jpg 452 247 35 26
108.jpg 485 254 35 27
109.jpg 508 235 34 28
110.jpg 470 269 35 27
111.jpg 512 263 19 19
112.jpg 456 294 22 21
113.jpg 302 243 27 21
114.jpg 333 212 31 28
115.jpg 448 241 27 22
116.jpg 485 233 27 25
117.jpg 495 242 27 24
118.jpg 448 256 40 33
119.jpg 525 234 27 25
121.jpg 489 228 50 32
122.jpg 512 228 27 24
123.jpg 525 222 25 24
124.jpg 535 194 25 24
125.jpg 381 268 21 18
120.jpg 481 290 25 24
126.jpg 463 234 17 20
127.jpg 389 238 22 21
128.jpg 389 228 20 19
129.jpg 465 203 19 21
130.jpg 432 230 21 22
131.jpg 488 239 22 19
132.jpg 602 202 22 19
133.jpg 510 218 21 20
134.jpg 488 205 21 19
135.jpg 497 271 20 18
136.jpg 477 272 16 14
137.jpg 430 258 16 14
138.jpg 510 268 15 15
139.jpg 468 254 17 14
140.jpg 540 214 24 17
141.jpg 446 263 14 17
142.jpg 448 268 12 12
143.jpg 431 272 10 11
144.jpg 431 270 13 13
145.jpg 454 298 34 39
146.jpg 441 257 29 46
147.jpg 439 254 24 50
148.jpg 420 262 15 17
149.jpg 420 259 15 18
150.jpg 496 302 15 13
151.jpg 482 285 42 52
152.jpg 454 267 15 18
153.jpg 449 267 15 14
154.jpg 477 258 14 13
154.jpg 476 254 16 17
155.jpg 440 257 16 18
156.jpg 497 247 16 17
158.jpg 439 240 16 18
159.jpg 439 241 15 18
160.jpg 457 279 18 21
161.jpg 425 257 18 21
162.jpg 442 245 18 20
163.jpg 464 202 18 21
164.jpg 483 184 19 21
165.jpg 502 185 18 21
166.jpg 523 183 18 21
167.jpg 527 198 18 21
168.jpg 526 196 19 21
169.jpg 511 192 18 17
170.jpg 519 239 18 21
171.jpg 509 214 18 22
172.jpg 532 200 18 21
173.jpg 535 198 18 22
174.jpg 584 206 10 12
175.jpg 548 205 28 53
176.jpg 424 240 16 17
177.jpg 415 270 18 18
178.jpg 423 259 22 23
179.jpg 480 239 20 20
180.jpg 494 272 20 24
181.jpg 556 240 20 18
182.jpg 523 234 21 22
183.jpg 568 228 21 18
184.jpg 505 227 21 18
185.jpg 500 222 25 21
186.jpg 422 256 23 21
187.jpg 296 224 24 22
188.jpg 492 273 25 22
189.jpg 364 193 26 23
190.jpg 409 226 27 23
191.jpg 412 203 26 22
192.jpg 423 205 27 22
193.jpg 452 194 28 23
194.jpg 407 186 26 23
195.jpg 484 199 26 23
196.jpg 521 160 26 23
197.jpg 555 194 26 24
198.jpg 492 216 25 24
199.jpg 544 203 25 24
200.jpg 509 268 27 24
201.jpg 499 286 28 24
202.jpg 443 272 26 23
203.jpg 453 204 30 30
204.jpg 436 243 39 33
205.jpg 497 280 31 29
206.jpg 453 295 32 29
207.jpg 459 272 41 32
208.jpg 478 260 34 30
209.jpg 503 258 38 32
210.jpg 477 254 40 32
211.jpg 478 257 34 30
212.jpg 485 271 33 29
213.jpg 492 259 42 31
214.jpg 487 231 41 32
215.jpg 478 245 42 32
216.jpg 422 251 34 31
217.jpg 392 231 18 41
218.jpg 432 232 24 41
219.jpg 424 226 30 42
220.jpg 390 204 31 43
221.jpg 451 212 34 44
222.jpg 489 186 39 45
223.jpg 432 208 44 46
224.jpg 454 169 47 46
225.jpg 436 215 51 47
226.jpg 433 189 55 48
227.jpg 408 188 66 54
228.jpg 411 176 57 50
229.jpg 442 188 73 56
230.jpg 417 170 72 58
231.jpg 404 204 69 58
232.jpg 336 167 63 58
233.jpg 433 221 68 63
234.jpg 382 214 61 63
235.jpg 465 200 62 69
236.jpg 398 200 57 74
237.jpg 358 192 42 77
238.jpg 376 198 33 79
