1.jpg 497 272 19 35
2.jpg 585 260 27 39
3.jpg 586 269 33 42
4.jpg 549 266 40 45
5.jpg 506 266 47 50
6.jpg 539 259 57 54
7.jpg 499 248 67 60
8.jpg 486 249 77 64
9.jpg 473 223 88 70
10.jpg 439 250 93 75
11.jpg 402 228 90 75
12.jpg 400 245 90 74
13.jpg 378 280 49 39
14.jpg 425 279 48 38
15.jpg 419 264 48 39
16.jpg 470 268 42 36
17.jpg 464 257 41 37
18.jpg 454 253 35 34
19.jpg 421 233 32 32
20.jpg 402 263 29 32
21.jpg 458 301 22 21
22.jpg 451 270 24 22
23.jpg 479 247 24 22
24.jpg 485 255 29 23
25.jpg 473 261 28 24
26.jpg 461 263 28 24
27.jpg 496 230 22 23
28.jpg 516 235 28 23
29.jpg 439 301 29 30
30.jpg 443 310 19 18
31.jpg 454 286 16 16
32.jpg 475 232 18 17
33.jpg 494 255 20 18
34.jpg 477 285 21 18
35.jpg 463 266 21 16
36.jpg 491 258 23 21
37.jpg 455 246 19 18
38.jpg 428 226 20 17
39.jpg 474 261 39 104
40.jpg 398 202 66 109
41.jpg 334 166 100 111
42.jpg 387 210 126 112
43.jpg 417 220 138 112
44.jpg 420 182 131 106
45.jpg 463 252 103 91
46.jpg 417 228 90 92
47.jpg 437 204 74 95
48.jpg 516 217 53 99
49.jpg 486 203 54 125
50.jpg 561 205 30 98
51.jpg 657 224 33 45
52.jpg 659 232 34 44
53.jpg 455 228 37 44
54.jpg 380 197 42 46
55.jpg 350 186 45 45
56.jpg 380 188 49 49
57.jpg 384 178 50 46
58.jpg 476 213 55 46
59.jpg 401 186 55 47
60.jpg 455 181 58 47
61.jpg 434 160 61 51
62.jpg 510 159 62 51
63.jpg 531 182 63 55
64.jpg 496 122 63 54
65.jpg 547 193 63 53
66.jpg 487 159 59 51
67.jpg 525 179 55 52
68.jpg 472 176 55 51
69.jpg 426 183 44 54
70.jpg 478 187 37 54
71.jpg 478 192 35 50
72.jpg 493 197 31 51
73.jpg 522 164 34 63
74.jpg 530 188 28 64
75.jpg 571 251 34 34
76.jpg 524 252 35 34
77.jpg 455 244 36 32
78.jpg 470 221 38 33
79.jpg 420 152 39 34
80.jpg 451 199 40 33
81.jpg 522 173 40 33
82.jpg 542 203 39 31
83.jpg 536 214 40 34
84.jpg 448 194 41 32
85.jpg 421 248 39 31
86.jpg 419 254 34 31
87.jpg 436 266 30 26
88.jpg 402 224 27 25
89.jpg 409 185 24 26
90.jpg 403 177 26 33
91.jpg 360 150 22 27
92.jpg 519 308 25 21
93.jpg 377 247 26 20
94.jpg 393 249 25 20
95.jpg 430 220 25 20
96.jpg 462 220 25 20
97.jpg 429 211 25 20
98.jpg 491 275 24 19
99.jpg 491 280 23 20
100.jpg 485 215 21 18
101.jpg 529 265 22 19
102.jpg 536 209 20 18
103.jpg 503 200 16 18
104.jpg 361 247 17 15
105.jpg 461 257 15 13
106.jpg 538 254 18 15
107.jpg 521 251 15 14
108.jpg 477 262 24 24
109.jpg 505 224 17 14
110.jpg 515 248 16 15
111.jpg 503 262 16 15
112.jpg 522 232 17 15
113.jpg 479 249 16 15
114.jpg 518 263 10 11
115.jpg 475 240 18 14
116.jpg 468 185 17 16
117.jpg 412 211 16 14
118.jpg 513 180 15 12
119.jpg 466 258 12 10
120.jpg 548 256 15 14
121.jpg 487 277 34 52
122.jpg 495 250 105 100
123.jpg 427 246 190 107
124.jpg 397 224 223 109
125.jpg 389 211 235 108
126.jpg 380 222 238 106
127.jpg 371 184 209 115
128.jpg 415 217 137 121
129.jpg 419 231 52 121
130.jpg 504 256 27 43
131.jpg 447 289 42 46
132.jpg 394 275 72 50
133.jpg 389 260 95 53
134.jpg 381 230 118 57
135.jpg 369 222 129 58
136.jpg 396 244 137 59
137.jpg 451 233 132 60
138.jpg 432 254 128 61
139.jpg 474 248 114 59
140.jpg 441 252 96 59
141.jpg 457 249 77 59
142.jpg 471 248 55 58
143.jpg 464 253 21 55
144.jpg 424 266 62 29
145.jpg 458 260 62 28
146.jpg 468 251 54 28
147.jpg 513 238 61 29
148.jpg 521 239 63 29
149.jpg 461 251 56 27
150.jpg 474 250 52 28
151.jpg 449 251 50 28
152.jpg 465 269 55 29
153.jpg 494 254 46 29
154.jpg 476 260 39 28
155.jpg 459 249 36 30
156.jpg 431 245 29 28
157.jpg 460 246 33 29
158.jpg 471 253 20 28
159.jpg 522 246 20 30
160.jpg 438 243 36 20
161.jpg 483 249 46 21
162.jpg 464 248 44 21
163.jpg 478 257 36 20
164.jpg 475 244 39 20
165.jpg 460 242 30 20
166.jpg 476 243 25 22
167.jpg 479 251 22 22
168.jpg 504 285 26 16
169.jpg 468 255 35 16
170.jpg 494 296 29 15
171.jpg 474 255 25 11
172.jpg 468 263 24 12
173.jpg 490 254 25 13
174.jpg 510 252 22 11
175.jpg 464 246 20 11
176.jpg 519 270 15 10
177.jpg 472 290 13 8
178.jpg 489 286 25 19
179.jpg 504 287 17 10
180.jpg 480 201 43 44
181.jpg 360 227 70 47
182.jpg 245 214 103 48
183.jpg 340 218 101 42
184.jpg 305 218 89 43
185.jpg 337 219 98 63
186.jpg 261 187 67 48
187.jpg 364 192 88 43
188.jpg 300 198 91 42
189.jpg 351 224 88 41
190.jpg 381 212 83 40
191.jpg 407 238 73 35
192.jpg 368 243 58 37
193.jpg 413 157 40 37
194.jpg 438 229 51 39
196.jpg 470 203 38 24
198.jpg 389 216 52 23
199.jpg 398 220 47 24
200.jpg 473 243 38 18
201.jpg 430 265 28 15
202.jpg 464 281 15 11
203.jpg 414 286 15 10
204.jpg 430 282 18 8
205.jpg 477 289 15 8
206.jpg 453 261 22 10
207.jpg 434 315 22 11
208.jpg 442 237 16 9
209.jpg 420 293 17 8
210.jpg 528 238 152 74
211.jpg 557 233 88 50
212.jpg 538 251 81 40
213.jpg 528 294 21 30
214.jpg 535 295 23 32
215.jpg 443 240 40 19
216.jpg 461 243 30 18
217.jpg 516 215 22 22
218.jpg 540 254 30 22
219.jpg 498 215 49 24
220.jpg 483 310 39 24
221.jpg 523 335 31 21
222.jpg 570 301 25 14
223.jpg 564 268 31 14
224.jpg 478 309 30 15
225.jpg 565 247 30 14
226.jpg 547 233 25 14
227.jpg 561 230 20 10
228.jpg 529 257 19 11
229.jpg 531 275 19 12
230.jpg 537 293 18 10
231.jpg 499 255 22 13
232.jpg 514 345 15 8
233.jpg 479 295 23 11
234.jpg 538 288 13 9
235.jpg 516 226 16 11
236.jpg 541 250 18 9
237.jpg 493 259 13 9
238.jpg 494 227 17 9
239.jpg 464 264 12 8
243.jpg 462 251 12 9
244.jpg 437 241 21 10
245.jpg 478 235 16 8
246.jpg 449 274 16 9
247.jpg 474 234 24 10
248.jpg 462 250 19 11
249.jpg 506 277 19 10
251.jpg 496 277 23 12
252.jpg 433 176 33 17
253.jpg 430 218 33 15
254.jpg 441 202 38 16
255.jpg 437 227 47 20
256.jpg 456 225 54 21
257.jpg 446 215 55 25
258.jpg 420 254 36 22
259.jpg 539 238 26 19
260.jpg 471 233 29 20
261.jpg 482 221 19 29
262.jpg 367 180 56 33
263.jpg 277 165 69 41
264.jpg 334 199 86 41
265.jpg 261 173 72 43
266.jpg 329 177 49 43
