1.jpg 463 253 49 103
2.jpg 455 268 118 117
3.jpg 397 259 134 104
4.jpg 448 221 144 107
5.jpg 406 265 139 109
6.jpg 411 287 108 113
7.jpg 466 287 68 110
8.jpg 523 278 52 116
9.jpg 485 299 44 56
10.jpg 408 294 85 69
11.jpg 415 289 89 78
12.jpg 437 307 78 71
13.jpg 476 304 59 54
14.jpg 484 325 40 55
15.jpg 427 359 39 37
16.jpg 438 319 51 44
17.jpg 458 314 63 40
18.jpg 434 300 52 43
19.jpg 463 340 53 43
20.jpg 472 330 35 49
21.jpg 469 314 50 42
22.jpg 494 380 49 39
23.jpg 430 332 45 39
24.jpg 476 322 25 24
25.jpg 518 349 29 32
26.jpg 525 383 67 94
27.jpg 566 246 116 106
28.jpg 539 166 134 109
29.jpg 502 160 139 110
30.jpg 444 161 125 108
31.jpg 380 220 81 81
32.jpg 374 177 93 111
33.jpg 425 231 74 112
34.jpg 316 232 46 57
35.jpg 337 199 55 54
36.jpg 533 185 57 52
37.jpg 602 173 62 52
38.jpg 561 188 61 51
39.jpg 556 210 76 68
40.jpg 480 308 55 45
41.jpg 451 347 56 44
42.jpg 489 362 40 31
43.jpg 477 408 39 31
44.jpg 478 431 39 33
45.jpg 515 361 42 39
46.jpg 457 375 37 34
47.jpg 503 388 44 34
48.jpg 506 367 38 32
49.jpg 442 525 27 23
50.jpg 478 480 38 36
51.jpg 432 227 36 73
52.jpg 468 205 59 79
53.jpg 437 219 110 102
54.jpg 413 204 127 103
55.jpg 478 223 130 109
56.jpg 427 221 139 114
57.jpg 385 237 103 99
58.jpg 286 183 97 79
59.jpg 277 171 87 76
60.jpg 325 163 101 78
61.jpg 345 166 102 88
62.jpg 392 189 95 81
63.jpg 419 206 77 74
64.jpg 443 223 69 69
65.jpg 395 255 53 47
66.jpg 495 248 63 56
67.jpg 561 249 63 56
68.jpg 463 235 65 56
69.jpg 527 243 64 61
70.jpg 418 239 63 50
71.jpg 399 275 41 33
72.jpg 418 236 42 36
73.jpg 402 240 37 33
74.jpg 456 250 23 20
75.jpg 419 267 30 26
76.jpg 339 261 62 76
77.jpg 275 214 66 87
78.jpg 351 215 91 89
79.jpg 386 240 110 97
80.jpg 353 221 121 99
81.jpg 372 206 144 135
82.jpg 351 223 108 138
83.jpg 361 210 82 118
84.jpg 455 168 71 67
85.jpg 382 136 93 81
86.jpg 387 198 77 64
87.jpg 377 174 82 68
88.jpg 421 171 77 66
89.jpg 460 199 65 60
90.jpg 454 235 42 45
91.jpg 452 213 45 45
92.jpg 394 231 38 34
93.jpg 337 218 57 48
94.jpg 344 189 55 45
95.jpg 370 201 46 39
96.jpg 456 238 36 32
97.jpg 432 197 34 28
98.jpg 441 230 36 29
99.jpg 463 215 27 23
100.jpg 381 208 26 20
101.jpg 484 277 20 17
102.jpg 509 238 24 24
103.jpg 569 278 38 32
104.jpg 575 213 37 29
105.jpg 495 203 38 37
106.jpg 479 207 35 30
107.jpg 432 221 34 30
108.jpg 327 231 32 29
109.jpg 512 231 52 42
110.jpg 500 177 49 48
111.jpg 551 214 55 51
112.jpg 577 193 61 47
113.jpg 537 214 62 49
114.jpg 558 234 66 50
115.jpg 420 216 91 119
116.jpg 465 239 93 102
117.jpg 522 235 136 138
118.jpg 571 185 161 135
119.jpg 508 196 162 131
120.jpg 528 188 164 139
121.jpg 558 201 140 148
122.jpg 506 224 50 125
123.jpg 438 251 18 16
124.jpg 529 272 20 17
125.jpg 663 284 24 20
126.jpg 345 213 90 93
127.jpg 338 201 103 91
128.jpg 368 194 105 93
129.jpg 253 159 150 116
130.jpg 160 137 120 95
131.jpg 200 142 88 82
132.jpg 197 172 75 75
133.jpg 354 182 52 64
134.jpg 439 359 41 43
135.jpg 489 332 43 44
136.jpg 454 333 62 55
137.jpg 504 326 71 58
138.jpg 501 320 84 66
139.jpg 496 294 53 47
140.jpg 530 256 34 31
141.jpg 542 261 41 36
142.jpg 488 294 38 32
143.jpg 409 244 53 41
144.jpg 395 255 39 31
145.jpg 463 272 36 30
146.jpg 534 258 31 24
147.jpg 433 247 27 22
148.jpg 408 310 35 28
149.jpg 456 257 27 23
150.jpg 482 363 28 23
151.jpg 466 295 21 17
152.jpg 459 295 28 21
153.jpg 344 234 32 27
154.jpg 359 266 41 30
155.jpg 373 227 35 29
156.jpg 498 253 42 34
157.jpg 385 242 50 38
158.jpg 274 232 46 39
159.jpg 306 150 41 41
160.jpg 372 156 41 36
161.jpg 557 202 30 35
162.jpg 545 233 28 44
163.jpg 435 231 38 49
164.jpg 358 220 69 60
165.jpg 426 223 75 62
166.jpg 362 171 97 79
167.jpg 437 210 59 60
168.jpg 311 208 47 74
169.jpg 382 165 79 91
170.jpg 343 184 118 102
171.jpg 201 146 187 152
172.jpg 196 149 184 150
173.jpg 192 128 118 112
174.jpg 230 137 81 105
175.jpg 288 169 40 84
176.jpg 485 251 22 18
177.jpg 437 294 26 22
178.jpg 473 285 28 21
179.jpg 461 256 31 24
180.jpg 450 255 37 32
181.jpg 515 251 34 29
182.jpg 490 228 36 31
183.jpg 454 231 39 31
184.jpg 416 240 41 30
185.jpg 458 240 43 36
186.jpg 400 247 40 36
187.jpg 449 252 75 60
188.jpg 385 220 84 70
189.jpg 344 219 70 65
190.jpg 374 216 59 57
191.jpg 373 205 47 55
192.jpg 405 212 40 58
193.jpg 415 196 48 101
194.jpg 426 192 82 118
195.jpg 330 147 109 119
196.jpg 395 175 124 133
197.jpg 414 187 177 147
198.jpg 451 178 177 148
199.jpg 506 112 137 165
200.jpg 509 160 118 167
