1.jpg 389 45 129 168
2.jpg 511 206 52 37
4.jpg 398 67 131 104
5.jpg 385 117 145 69
6.jpg 456 98 116 77
8.jpg 391 130 156 103
9.jpg 422 161 80 39
10.jpg 328 222 116 200
11.jpg 179 110 180 197
12.jpg 617 178 106 166
13.jpg 603 163 31 96
14.jpg 589 160 40 121
15.jpg 405 219 188 166
16.jpg 420 193 186 166
17.jpg 493 238 136 130
18.jpg 485 247 97 112
19.jpg 479 218 62 79
20.jpg 453 204 81 79
21.jpg 513 271 79 74
22.jpg 252 164 116 186
23.jpg 527 278 79 71
24.jpg 531 278 78 74
25.jpg 531 296 66 76
26.jpg 534 307 52 63
27.jpg 525 277 27 57
28.jpg 545 281 25 55
29.jpg 475 271 27 37
30.jpg 502 269 11 27
31.jpg 496 266 16 31
32.jpg 460 219 36 36
33.jpg 351 182 73 186
34.jpg 397 238 34 30
35.jpg 398 285 26 25
36.jpg 381 348 24 22
37.jpg 470 333 21 22
38.jpg 469 332 22 21
39.jpg 564 245 48 130
40.jpg 564 245 49 129
41.jpg 537 195 172 204
42.jpg 541 195 172 204
43.jpg 470 181 250 221
44.jpg 451 177 128 254
45.jpg 475 181 251 220
46.jpg 453 217 179 190
47.jpg 438 202 133 190
48.jpg 505 263 58 66
49.jpg 471 261 81 79
50.jpg 466 264 82 80
51.jpg 461 248 89 89
52.jpg 478 257 73 66
53.jpg 453 238 85 80
54.jpg 450 234 85 85
55.jpg 419 249 28 150
56.jpg 484 246 74 78
57.jpg 472 257 71 76
58.jpg 541 292 48 44
59.jpg 520 289 47 43
60.jpg 575 283 54 53
61.jpg 594 285 45 42
62.jpg 512 277 50 46
63.jpg 525 281 35 32
64.jpg 480 246 39 36
65.jpg 421 253 36 35
66.jpg 461 255 76 69
68.jpg 484 278 15 23
69.jpg 479 263 27 24
70.jpg 468 261 29 26
72.jpg 508 257 28 29
73.jpg 433 396 22 21
74.jpg 435 398 21 20
75.jpg 407 294 45 55
76.jpg 421 293 71 74
77.jpg 457 250 77 69
78.jpg 416 249 82 84
79.jpg 394 238 83 89
80.jpg 397 271 69 63
81.jpg 411 271 54 57
82.jpg 398 282 40 53
83.jpg 392 273 25 50
84.jpg 457 255 9 27
85.jpg 361 289 21 35
86.jpg 389 299 28 39
87.jpg 341 281 38 42
88.jpg 383 250 52 49
89.jpg 405 330 50 48
90.jpg 461 304 67 68
91.jpg 465 284 51 50
92.jpg 467 288 51 50
93.jpg 523 298 56 70
94.jpg 476 265 36 34
95.jpg 495 396 35 34
96.jpg 451 287 28 28
97.jpg 478 271 25 27
98.jpg 447 267 18 22
100.jpg 484 308 17 19
101.jpg 377 255 14 17
102.jpg 407 241 17 19
103.jpg 464 321 76 69
104.jpg 327 283 91 81
105.jpg 402 269 77 73
106.jpg 405 244 50 55
107.jpg 349 242 42 55
108.jpg 349 323 59 58
109.jpg 409 294 54 49
110.jpg 427 208 73 73
111.jpg 387 281 37 35
112.jpg 366 288 39 40
113.jpg 399 300 30 29
114.jpg 455 355 31 28
115.jpg 470 381 20 24
116.jpg 477 388 30 28
118.jpg 476 340 20 18
119.jpg 409 329 22 20
121.jpg 329 221 116 199
122.jpg 407 269 54 71
123.jpg 524 287 20 18
124.jpg 501 331 12 15
125.jpg 451 275 24 69
126.jpg 455 276 21 68
127.jpg 501 279 39 33
128.jpg 500 280 39 35
129.jpg 484 273 38 34
130.jpg 490 270 34 33
131.jpg 414 289 31 34
132.jpg 466 356 31 28
133.jpg 467 354 30 31
134.jpg 251 183 175 200
135.jpg 482 282 31 31
136.jpg 480 285 30 28
137.jpg 412 270 29 27
138.jpg 411 270 29 26
140.jpg 482 338 28 25
141.jpg 442 285 22 19
142.jpg 439 288 21 20
143.jpg 483 288 22 22
145.jpg 252 183 176 200
146.jpg 468 301 14 19
147.jpg 469 306 15 11
148.jpg 426 223 24 131
149.jpg 507 218 68 140
150.jpg 481 198 112 152
151.jpg 557 206 164 174
152.jpg 489 155 204 185
153.jpg 448 185 217 193
154.jpg 476 186 188 186
155.jpg 518 121 166 208
156.jpg 198 146 237 222
157.jpg 535 137 114 218
158.jpg 550 115 116 221
159.jpg 464 276 42 52
160.jpg 489 237 62 66
161.jpg 498 249 61 66
162.jpg 505 218 76 75
163.jpg 506 227 77 72
164.jpg 437 213 70 62
165.jpg 436 217 70 63
166.jpg 547 230 70 66
167.jpg 196 147 239 223
168.jpg 533 231 71 66
169.jpg 497 237 63 67
170.jpg 532 253 30 31
171.jpg 486 216 32 31
172.jpg 491 219 40 37
173.jpg 421 205 35 32
174.jpg 405 206 35 32
175.jpg 429 210 36 32
176.jpg 414 209 36 32
177.jpg 449 272 28 28
178.jpg 192 168 244 211
179.jpg 447 268 35 30
180.jpg 472 270 20 19
181.jpg 478 274 20 19
182.jpg 417 285 21 20
183.jpg 484 253 21 20
184.jpg 470 254 16 16
185.jpg 477 267 18 17
187.jpg 511 222 130 126
188.jpg 676 282 72 176
189.jpg 194 163 243 211
190.jpg 511 114 128 183
191.jpg 491 237 194 170
192.jpg 496 238 194 170
193.jpg 506 210 76 77
194.jpg 515 217 65 65
195.jpg 467 193 86 79
196.jpg 465 196 86 80
197.jpg 515 319 47 50
198.jpg 511 312 42 50
199.jpg 436 284 38 38
200.jpg 183 157 215 199
201.jpg 442 285 33 32
202.jpg 521 285 29 26
203.jpg 519 287 29 27
204.jpg 457 306 27 28
205.jpg 424 303 63 30
206.jpg 529 307 27 25
207.jpg 530 304 30 32
208.jpg 512 309 35 33
209.jpg 511 307 36 33
210.jpg 623 191 108 168
71.jpg 499 267 21 19
99.jpg 360 245 87 96
117.jpg 509 339 18 22
120.jpg 411 307 17 17
139.jpg 485 338 17 18
144.jpg 490 289 12 11
186.jpg 478 261 21 18
