1.jpg 355 198 149 115
2.jpg 474 146 169 108
3.jpg 359 198 221 116
4.jpg 394 211 191 130
5.jpg 308 229 243 128
6.jpg 368 225 117 113
7.jpg 418 285 75 66
8.jpg 409 256 106 55
9.jpg 447 168 97 97
10.jpg 532 213 167 141
11.jpg 609 318 30 27
12.jpg 518 250 70 65
13.jpg 450 242 110 129
14.jpg 612 211 187 155
15.jpg 488 159 118 170
16.jpg 448 231 73 120
17.jpg 611 285 44 39
19.jpg 581 231 78 42
20.jpg 458 238 61 34
21.jpg 503 244 107 54
24.jpg 414 205 160 86
28.jpg 523 255 73 30
29.jpg 414 195 157 92
30.jpg 666 271 71 59
32.jpg 376 166 125 73
33.jpg 370 149 95 67
36.jpg 626 212 73 37
37.jpg 511 216 50 27
38.jpg 495 228 89 46
39.jpg 786 235 76 46
40.jpg 811 112 149 90
41.jpg 352 153 242 114
47.jpg 407 247 74 76
50.jpg 417 256 40 20
51.jpg 383 208 78 38
52.jpg 394 268 76 61
53.jpg 488 179 67 70
56.jpg 421 270 84 42
57.jpg 504 258 81 41
58.jpg 455 274 102 55
59.jpg 470 259 155 74
60.jpg 469 261 38 47
61.jpg 472 245 27 48
62.jpg 524 235 35 50
63.jpg 505 209 42 55
64.jpg 491 208 55 61
65.jpg 438 187 65 67
66.jpg 453 168 80 77
67.jpg 423 202 87 79
68.jpg 395 149 93 84
69.jpg 360 172 87 83
70.jpg 441 153 90 87
71.jpg 428 187 107 101
72.jpg 470 164 114 113
73.jpg 418 252 28 32
74.jpg 391 218 31 35
75.jpg 462 203 34 36
76.jpg 414 208 40 38
77.jpg 434 228 46 41
78.jpg 421 240 45 40
79.jpg 506 199 48 43
80.jpg 308 230 51 45
81.jpg 433 358 25 24
82.jpg 466 241 20 21
83.jpg 513 257 26 20
84.jpg 494 248 29 24
85.jpg 484 235 21 22
86.jpg 500 250 20 17
87.jpg 516 236 21 21
88.jpg 564 240 24 25
89.jpg 553 248 24 21
90.jpg 498 217 24 21
91.jpg 451 258 16 15
92.jpg 449 257 18 16
93.jpg 439 267 17 15
94.jpg 439 257 21 18
95.jpg 416 216 21 17
96.jpg 444 300 17 16
97.jpg 476 269 14 12
98.jpg 493 282 14 13
99.jpg 504 368 18 16
101.jpg 493 267 17 14
102.jpg 451 278 19 14
103.jpg 469 235 16 14
104.jpg 478 285 14 13
105.jpg 521 241 17 14
106.jpg 521 261 14 11
107.jpg 399 253 12 12
108.jpg 473 258 13 14
109.jpg 579 245 15 18
110.jpg 476 248 6 5
110.jpg 474 241 15 18
111.jpg 432 231 18 17
112.jpg 461 265 17 13
113.jpg 479 244 18 17
114.jpg 499 235 18 17
115.jpg 497 235 21 18
116.jpg 478 260 20 23
117.jpg 485 231 19 27
118.jpg 520 223 20 23
119.jpg 439 162 15 14
121.jpg 480 231 23 21
122.jpg 485 228 24 22
123.jpg 491 232 26 22
124.jpg 431 234 25 25
125.jpg 477 305 14 15
126.jpg 516 270 17 15
127.jpg 525 232 24 24
128.jpg 486 254 26 29
129.jpg 429 270 25 18
130.jpg 505 250 24 25
131.jpg 458 285 23 20
132.jpg 538 277 34 31
133.jpg 576 232 38 31
134.jpg 603 246 18 19
135.jpg 497 257 18 19
135.jpg 492 244 36 35
136.jpg 409 259 42 31
137.jpg 509 268 33 29
138.jpg 544 239 33 29
139.jpg 587 224 16 19
140.jpg 509 254 31 28
141.jpg 506 217 30 35
142.jpg 464 213 28 38
143.jpg 399 279 16 21
144.jpg 483 265 15 20
145.jpg 524 258 16 22
146.jpg 499 224 19 22
147.jpg 495 241 41 46
148.jpg 474 214 47 41
149.jpg 460 263 44 41
150.jpg 473 242 44 38
151.jpg 458 251 47 41
152.jpg 466 252 51 44
153.jpg 445 231 42 41
154.jpg 371 274 26 28
155.jpg 465 263 40 39
156.jpg 454 238 46 40
157.jpg 504 214 37 48
158.jpg 496 218 49 48
159.jpg 446 144 50 50
160.jpg 450 167 53 53
161.jpg 394 198 70 52
162.jpg 406 198 76 55
163.jpg 434 226 37 38
164.jpg 332 193 69 58
165.jpg 420 183 75 59
166.jpg 479 185 57 57
167.jpg 434 144 60 68
168.jpg 434 218 20 40
170.jpg 428 177 34 60
171.jpg 459 219 29 66
172.jpg 471 214 28 63
173.jpg 472 187 37 64
174.jpg 435 200 48 65
175.jpg 413 164 53 66
176.jpg 412 183 59 67
177.jpg 409 206 68 67
178.jpg 482 193 71 68
179.jpg 454 208 74 68
180.jpg 502 173 77 69
181.jpg 456 217 77 69
182.jpg 463 221 75 68
183.jpg 451 205 73 69
184.jpg 432 230 67 67
185.jpg 460 201 63 68
186.jpg 403 183 60 69
187.jpg 434 202 49 66
188.jpg 419 188 40 67
191.jpg 481 222 23 34
192.jpg 436 208 26 35
193.jpg 384 215 28 34
194.jpg 344 204 30 36
195.jpg 370 174 32 36
196.jpg 422 181 39 37
197.jpg 371 203 45 39
198.jpg 327 180 46 41
199.jpg 442 247 51 45
200.jpg 423 272 49 44
201.jpg 452 197 48 45
202.jpg 430 212 46 43
203.jpg 422 184 42 42
204.jpg 424 182 39 42
205.jpg 411 219 36 41
206.jpg 429 166 36 42
207.jpg 368 189 29 40
208.jpg 417 248 23 39
209.jpg 453 222 41 32
210.jpg 495 210 31 30
211.jpg 470 213 32 30
212.jpg 484 176 35 31
213.jpg 448 188 35 30
214.jpg 501 152 33 31
215.jpg 497 182 35 31
216.jpg 478 165 34 31
218.jpg 586 197 35 31
219.jpg 542 192 33 31
220.jpg 519 204 35 31
222.jpg 832 240 29 24
223.jpg 596 213 28 24
224.jpg 528 210 27 28
225.jpg 546 217 19 16
225.jpg 541 217 26 23
226.jpg 470 198 25 22
227.jpg 465 192 25 20
228.jpg 484 222 25 22
230.jpg 565 201 25 21
231.jpg 555 268 22 22
232.jpg 535 278 24 25
233.jpg 534 240 25 32
234.jpg 534 220 26 28
235.jpg 483 280 22 19
236.jpg 382 275 22 19
237.jpg 384 265 21 19
238.jpg 459 231 22 19
239.jpg 537 241 19 15
240.jpg 527 213 20 18
241.jpg 544 156 22 19
242.jpg 493 181 22 19
243.jpg 536 198 22 19
244.jpg 510 187 18 16
245.jpg 542 242 18 15
246.jpg 522 202 19 15
247.jpg 589 239 21 18
248.jpg 573 234 13 15
249.jpg 400 283 16 21
250.jpg 401 329 15 14
253.jpg 540 252 16 12
254.jpg 528 250 16 15
255.jpg 541 263 16 16
256.jpg 545 276 16 16
257.jpg 570 267 12 12
258.jpg 488 255 17 22
259.jpg 489 257 17 15
260.jpg 522 252 18 22
261.jpg 512 259 17 16
262.jpg 472 291 16 14
264.jpg 454 306 18 16
265.jpg 522 274 19 15
266.jpg 662 261 19 17
267.jpg 505 299 15 12
268.jpg 503 293 16 15
269.jpg 378 246 12 11
270.jpg 432 232 12 11
271.jpg 426 240 11 9
272.jpg 443 237 12 10
273.jpg 477 309 15 13
274.jpg 417 267 14 12
275.jpg 415 266 12 11
276.jpg 482 262 14 14
277.jpg 484 261 13 12
