1.jpg 376 226 80 132
2.jpg 321 257 114 111
3.jpg 235 252 159 110
4.jpg 294 224 149 107
5.jpg 270 276 130 102
6.jpg 315 305 94 100
7.jpg 393 295 64 112
8.jpg 468 292 47 115
9.jpg 436 299 44 65
10.jpg 331 299 75 65
11.jpg 325 297 79 68
12.jpg 325 306 97 71
13.jpg 383 292 69 67
14.jpg 416 307 67 75
15.jpg 374 353 44 42
16.jpg 382 317 55 47
17.jpg 402 311 57 42
18.jpg 377 294 52 49
19.jpg 412 341 50 43
20.jpg 426 340 37 41
21.jpg 421 316 49 41
22.jpg 443 384 49 34
23.jpg 386 335 47 38
24.jpg 427 317 39 34
25.jpg 466 347 41 37
26.jpg 496 269 64 88
27.jpg 507 134 110 109
28.jpg 462 47 128 134
29.jpg 422 36 129 114
30.jpg 352 42 129 111
31.jpg 267 92 117 107
32.jpg 275 68 85 93
33.jpg 331 116 89 110
34.jpg 234 139 77 78
35.jpg 254 123 80 72
36.jpg 462 113 73 67
37.jpg 538 98 75 66
38.jpg 509 122 57 51
39.jpg 508 149 64 64
40.jpg 451 258 54 43
41.jpg 422 301 50 40
42.jpg 451 312 50 39
43.jpg 441 357 50 39
44.jpg 443 378 50 40
45.jpg 475 300 52 49
46.jpg 441 346 29 24
47.jpg 481 351 41 43
48.jpg 487 336 37 30
49.jpg 421 485 34 34
50.jpg 464 461 25 21
51.jpg 465 193 55 119
52.jpg 496 180 83 112
53.jpg 492 164 115 121
54.jpg 501 163 170 140
55.jpg 523 174 179 142
56.jpg 524 166 170 130
57.jpg 550 145 150 135
58.jpg 515 164 112 117
59.jpg 457 203 95 91
60.jpg 368 203 110 93
61.jpg 383 205 99 81
62.jpg 441 212 95 74
63.jpg 473 206 102 76
64.jpg 477 177 99 79
65.jpg 462 268 70 57
66.jpg 455 220 84 66
67.jpg 481 233 88 68
68.jpg 525 221 91 66
69.jpg 623 209 86 67
70.jpg 441 239 68 62
71.jpg 451 217 41 35
72.jpg 393 199 61 48
73.jpg 476 261 49 40
74.jpg 452 216 29 24
75.jpg 456 235 28 26
76.jpg 420 187 99 99
77.jpg 458 176 105 98
78.jpg 444 204 119 95
79.jpg 491 173 122 98
80.jpg 502 181 112 93
81.jpg 592 218 52 121
82.jpg 436 183 76 92
83.jpg 491 243 61 147
84.jpg 505 155 81 100
85.jpg 557 198 113 97
86.jpg 592 197 122 96
87.jpg 458 211 87 74
88.jpg 443 194 93 78
89.jpg 450 204 63 52
90.jpg 395 207 58 48
91.jpg 431 201 57 47
92.jpg 457 187 63 51
93.jpg 458 228 59 46
94.jpg 506 191 73 51
95.jpg 589 217 50 50
96.jpg 538 236 28 26
97.jpg 530 213 49 39
98.jpg 412 234 48 35
99.jpg 498 181 30 22
100.jpg 578 213 33 27
101.jpg 494 231 32 29
102.jpg 470 238 22 18
103.jpg 452 288 27 21
104.jpg 509 261 29 22
105.jpg 431 236 30 23
106.jpg 453 237 51 40
107.jpg 414 183 52 42
108.jpg 485 206 42 34
109.jpg 479 189 58 48
110.jpg 546 182 60 49
111.jpg 547 188 56 48
112.jpg 502 199 78 60
113.jpg 525 177 82 62
114.jpg 577 166 91 66
115.jpg 559 167 92 69
116.jpg 466 153 74 67
117.jpg 385 174 77 70
118.jpg 482 188 36 90
119.jpg 465 121 126 119
120.jpg 414 144 156 123
121.jpg 463 152 172 126
122.jpg 441 160 171 123
123.jpg 464 144 144 130
124.jpg 508 161 133 134
125.jpg 495 174 74 145
126.jpg 529 213 61 83
127.jpg 553 216 58 62
128.jpg 602 201 96 89
129.jpg 552 185 122 101
130.jpg 454 150 134 108
131.jpg 434 126 139 115
132.jpg 404 167 113 102
133.jpg 501 171 104 107
134.jpg 546 349 69 65
135.jpg 612 332 54 48
136.jpg 590 326 79 65
137.jpg 662 317 90 67
138.jpg 679 315 85 64
139.jpg 609 294 49 48
140.jpg 605 248 38 40
141.jpg 629 262 38 35
142.jpg 579 291 43 36
143.jpg 518 248 46 37
144.jpg 498 253 52 41
145.jpg 558 272 54 43
146.jpg 610 255 38 31
147.jpg 501 243 35 29
148.jpg 483 317 24 19
149.jpg 518 255 31 25
150.jpg 549 368 16 16
151.jpg 423 140 48 133
152.jpg 366 99 79 139
153.jpg 338 117 126 157
154.jpg 315 132 160 156
155.jpg 296 118 200 168
156.jpg 266 90 181 165
157.jpg 403 128 128 122
158.jpg 448 160 98 109
159.jpg 514 176 60 72
160.jpg 502 209 69 57
161.jpg 460 198 83 70
162.jpg 434 168 99 81
163.jpg 469 174 92 80
164.jpg 536 156 62 73
165.jpg 490 182 40 99
166.jpg 494 210 41 43
167.jpg 559 199 46 45
168.jpg 497 197 52 41
169.jpg 473 271 36 32
170.jpg 458 240 29 31
171.jpg 566 235 37 34
172.jpg 441 232 37 27
173.jpg 462 218 24 21
174.jpg 469 299 29 21
175.jpg 430 275 26 15
176.jpg 429 157 64 104
177.jpg 373 154 98 113
178.jpg 429 165 131 120
179.jpg 336 172 136 113
180.jpg 341 162 150 118
181.jpg 299 130 146 121
182.jpg 394 154 104 115
183.jpg 467 198 65 67
184.jpg 480 179 55 61
185.jpg 471 212 59 57
186.jpg 513 211 51 49
187.jpg 498 178 77 64
188.jpg 522 178 81 62
189.jpg 464 170 79 66
190.jpg 485 233 59 47
191.jpg 421 183 57 46
192.jpg 450 198 58 46
193.jpg 494 173 60 47
194.jpg 499 209 58 46
195.jpg 509 251 49 40
196.jpg 470 205 44 34
197.jpg 553 235 42 33
198.jpg 424 212 41 33
199.jpg 427 210 21 18
200.jpg 572 213 20 16
