2.jpg 448 217 94 112
3.jpg 370 196 166 158
4.jpg 367 207 182 160
5.jpg 449 213 142 116
6.jpg 432 212 143 117
7.jpg 443 182 144 121
8.jpg 533 199 189 170
9.jpg 388 165 131 125
10.jpg 442 90 148 177
11.jpg 466 120 109 180
12.jpg 582 161 99 149
13.jpg 508 194 96 144
14.jpg 422 276 22 32
15.jpg 417 266 31 33
16.jpg 428 249 36 33
17.jpg 448 287 39 34
18.jpg 432 255 43 35
19.jpg 464 273 44 35
20.jpg 676 252 49 37
21.jpg 493 236 48 39
22.jpg 515 320 19 16
23.jpg 515 293 20 18
24.jpg 483 288 21 16
25.jpg 453 273 21 18
26.jpg 457 278 21 19
27.jpg 517 264 22 18
28.jpg 677 265 25 20
29.jpg 547 262 17 14
30.jpg 525 292 16 10
31.jpg 493 291 14 12
32.jpg 523 290 13 12
33.jpg 362 273 45 110
34.jpg 374 243 35 86
35.jpg 398 213 52 88
36.jpg 349 227 72 89
37.jpg 304 220 96 96
38.jpg 304 220 119 102
39.jpg 316 199 133 104
40.jpg 335 169 182 139
41.jpg 336 173 180 142
42.jpg 344 148 161 139
43.jpg 373 188 149 156
44.jpg 404 227 80 95
45.jpg 440 185 59 93
46.jpg 382 196 48 90
47.jpg 396 176 50 130
48.jpg 405 259 30 43
49.jpg 415 240 35 42
50.jpg 473 243 40 43
51.jpg 406 240 61 60
52.jpg 404 231 68 61
53.jpg 408 225 55 46
54.jpg 383 211 80 65
55.jpg 406 208 85 67
56.jpg 435 181 85 61
57.jpg 403 197 89 68
58.jpg 404 201 86 66
59.jpg 426 198 85 67
60.jpg 394 211 81 64
61.jpg 430 225 93 65
62.jpg 401 210 81 67
63.jpg 415 211 78 71
64.jpg 393 229 63 76
65.jpg 418 224 44 63
66.jpg 406 221 42 85
67.jpg 392 296 24 29
68.jpg 444 259 28 30
69.jpg 476 208 30 30
70.jpg 388 219 31 29
71.jpg 417 221 46 41
72.jpg 379 219 55 50
73.jpg 386 250 37 31
74.jpg 387 232 39 32
75.jpg 395 238 40 31
76.jpg 408 233 57 43
77.jpg 416 230 57 45
78.jpg 397 233 60 49
79.jpg 380 231 55 39
80.jpg 406 214 41 35
81.jpg 479 218 39 35
82.jpg 396 267 18 19
83.jpg 432 256 30 32
84.jpg 441 242 24 20
85.jpg 505 250 25 20
86.jpg 428 253 31 23
87.jpg 433 300 23 21
88.jpg 420 302 27 21
89.jpg 456 266 42 35
90.jpg 431 246 28 22
91.jpg 408 239 27 22
92.jpg 414 248 28 21
93.jpg 433 249 28 22
94.jpg 450 267 28 22
95.jpg 456 241 44 37
96.jpg 474 251 32 31
97.jpg 461 265 32 27
98.jpg 480 273 32 28
99.jpg 465 256 35 28
100.jpg 453 228 34 28
101.jpg 412 296 32 27
102.jpg 416 300 30 29
103.jpg 475 272 28 28
104.jpg 487 278 24 19
105.jpg 473 321 14 12
106.jpg 471 296 15 11
107.jpg 454 286 14 12
108.jpg 482 302 14 11
109.jpg 461 301 17 15
110.jpg 485 302 21 21
111.jpg 511 303 17 14
112.jpg 468 264 17 14
113.jpg 514 296 16 15
114.jpg 524 281 15 11
115.jpg 492 294 15 11
116.jpg 545 270 17 12
117.jpg 404 221 18 34
118.jpg 472 205 28 34
119.jpg 498 232 33 40
120.jpg 533 235 35 34
121.jpg 483 186 44 51
122.jpg 476 210 51 45
123.jpg 467 209 55 44
124.jpg 535 213 44 36
125.jpg 595 223 46 36
126.jpg 555 222 44 36
127.jpg 612 207 62 46
128.jpg 473 223 45 41
129.jpg 450 231 44 39
130.jpg 429 204 46 46
131.jpg 435 224 37 41
132.jpg 449 258 29 42
133.jpg 443 233 24 44
134.jpg 466 258 32 30
135.jpg 482 259 27 27
136.jpg 511 203 37 36
137.jpg 459 265 34 28
138.jpg 382 241 33 28
139.jpg 464 253 35 29
140.jpg 508 234 35 28
141.jpg 496 259 33 28
142.jpg 448 245 32 27
143.jpg 471 216 32 28
144.jpg 404 237 32 28
145.jpg 448 240 29 26
146.jpg 480 227 27 27
147.jpg 466 283 23 19
148.jpg 465 282 20 19
149.jpg 423 300 20 20
150.jpg 423 299 19 19
151.jpg 487 307 24 18
152.jpg 458 276 22 20
153.jpg 517 286 23 18
154.jpg 570 256 23 20
155.jpg 605 249 25 21
156.jpg 582 240 26 18
157.jpg 573 243 28 22
158.jpg 572 242 30 21
159.jpg 576 288 25 20
160.jpg 548 269 28 22
161.jpg 385 359 13 15
162.jpg 384 359 14 15
163.jpg 489 348 15 15
164.jpg 485 345 16 16
165.jpg 470 314 17 16
166.jpg 463 293 17 15
167.jpg 498 262 17 16
168.jpg 593 281 20 16
169.jpg 571 242 18 14
170.jpg 598 294 17 17
171.jpg 690 256 19 16
172.jpg 672 192 21 15
173.jpg 485 261 11 11
174.jpg 492 251 11 15
175.jpg 474 212 13 13
176.jpg 377 211 13 13
177.jpg 406 214 13 10
178.jpg 404 234 12 10
179.jpg 381 217 20 13
180.jpg 436 199 15 13
181.jpg 478 256 15 13
182.jpg 496 319 12 11
183.jpg 495 319 14 12
184.jpg 434 277 13 10
185.jpg 435 274 12 11
186.jpg 485 262 11 10
188.jpg 538 313 15 11
189.jpg 538 320 12 10
190.jpg 539 267 12 10
201.jpg 500 274 15 15
203.jpg 424 316 13 17
208.jpg 445 289 24 25
209.jpg 468 276 21 13
211.jpg 422 257 16 9
212.jpg 415 307 16 20
223.jpg 454 263 20 12
224.jpg 470 237 24 24
225.jpg 432 288 26 16
235.jpg 443 235 20 22
236.jpg 443 221 20 22
237.jpg 480 247 21 22
238.jpg 401 298 25 26
239.jpg 390 272 27 26
240.jpg 462 274 29 26
241.jpg 392 296 28 27
242.jpg 435 367 39 43
243.jpg 384 359 39 45
244.jpg 362 351 78 67
245.jpg 321 337 38 46
246.jpg 349 342 58 57
247.jpg 393 356 65 62
248.jpg 419 331 28 45
249.jpg 441 306 30 48
255.jpg 384 262 38 48
256.jpg 376 286 42 45
257.jpg 335 280 47 45
258.jpg 474 287 44 44
259.jpg 430 270 47 44
260.jpg 451 310 48 42
261.jpg 476 326 52 44
262.jpg 457 290 38 39
263.jpg 404 301 36 41
264.jpg 473 311 36 42
265.jpg 482 310 34 41
266.jpg 498 339 35 43
