1.jpg 511 211 40 20
2.jpg 385 330 45 48
3.jpg 371 260 107 55
4.jpg 404 355 33 41
5.jpg 506 197 104 103
6.jpg 490 183 214 131
7.jpg 452 197 260 133
8.jpg 576 170 258 132
9.jpg 483 176 198 135
10.jpg 470 209 137 137
11.jpg 474 225 124 56
12.jpg 462 206 109 62
13.jpg 425 184 117 63
14.jpg 406 226 130 66
15.jpg 443 216 131 66
16.jpg 466 209 122 64
17.jpg 463 211 99 61
18.jpg 522 245 45 23
19.jpg 458 240 50 23
20.jpg 528 253 68 33
21.jpg 485 256 64 33
22.jpg 439 279 55 31
23.jpg 438 267 46 31
24.jpg 509 291 33 17
25.jpg 495 260 39 19
26.jpg 493 259 42 20
27.jpg 515 260 28 15
28.jpg 563 256 40 21
31.jpg 465 219 30 16
32.jpg 557 284 31 13
33.jpg 515 243 19 14
34.jpg 502 266 14 6
35.jpg 450 251 14 7
37.jpg 405 235 64 55
37.jpg 367 228 141 79
38.jpg 345 183 153 83
39.jpg 356 185 178 94
40.jpg 290 195 182 91
41.jpg 336 171 166 92
42.jpg 340 208 156 88
43.jpg 303 184 121 90
44.jpg 397 208 90 88
45.jpg 447 234 52 45
46.jpg 396 216 67 49
47.jpg 351 224 83 51
48.jpg 380 238 94 50
49.jpg 362 231 101 53
50.jpg 345 237 101 54
51.jpg 364 222 99 66
52.jpg 427 204 81 69
53.jpg 404 216 64 32
54.jpg 413 199 64 35
55.jpg 380 224 61 28
56.jpg 367 210 112 50
57.jpg 486 211 38 24
58.jpg 426 240 31 24
59.jpg 435 241 22 23
60.jpg 419 224 37 28
61.jpg 470 245 34 16
62.jpg 422 230 20 14
63.jpg 433 243 35 13
64.jpg 479 222 14 13
66.jpg 453 239 17 10
67.jpg 456 224 20 11
68.jpg 492 236 12 10
69.jpg 521 214 29 16
70.jpg 488 219 21 9
71.jpg 548 219 35 14
72.jpg 610 234 33 23
73.jpg 446 226 31 18
74.jpg 443 201 40 25
75.jpg 461 187 54 27
76.jpg 411 235 58 31
77.jpg 406 243 49 30
78.jpg 521 191 43 45
79.jpg 378 160 100 60
80.jpg 372 182 123 62
81.jpg 307 163 117 62
82.jpg 439 176 143 56
83.jpg 353 151 179 127
84.jpg 360 157 258 152
85.jpg 360 127 253 135
86.jpg 202 167 182 134
87.jpg 444 134 173 111
88.jpg 440 140 228 116
89.jpg 283 136 249 166
90.jpg 384 186 154 93
91.jpg 478 194 88 89
92.jpg 454 216 40 57
93.jpg 399 203 65 51
94.jpg 391 227 102 81
95.jpg 383 210 122 55
96.jpg 381 218 122 56
97.jpg 432 229 117 78
98.jpg 427 212 98 72
99.jpg 492 212 48 56
100.jpg 453 211 42 34
101.jpg 446 179 53 38
102.jpg 426 209 67 34
103.jpg 357 207 70 37
104.jpg 494 193 66 31
105.jpg 342 204 60 42
106.jpg 426 224 52 33
107.jpg 463 258 34 17
108.jpg 456 236 41 25
109.jpg 470 237 27 20
110.jpg 526 248 39 20
111.jpg 428 228 39 28
112.jpg 466 260 31 15
113.jpg 392 221 30 17
114.jpg 490 234 18 10
115.jpg 456 236 24 13
116.jpg 463 229 23 11
117.jpg 410 127 107 70
118.jpg 376 95 190 86
119.jpg 352 122 196 106
120.jpg 368 159 97 79
121.jpg 408 177 78 54
122.jpg 415 183 91 54
123.jpg 360 209 97 51
124.jpg 426 194 80 47
125.jpg 440 223 57 32
126.jpg 462 165 66 36
127.jpg 519 149 69 37
128.jpg 432 161 65 35
129.jpg 483 160 60 36
130.jpg 500 198 40 26
131.jpg 455 225 43 23
132.jpg 506 212 46 24
133.jpg 421 237 53 25
134.jpg 491 187 34 17
136.jpg 470 205 34 19
137.jpg 423 203 33 18
138.jpg 501 213 26 15
139.jpg 507 213 29 13
140.jpg 502 216 31 20
141.jpg 456 218 31 16
143.jpg 512 212 23 9
144.jpg 426 202 25 13
145.jpg 506 214 95 85
146.jpg 401 191 170 95
147.jpg 379 164 227 100
148.jpg 430 196 161 97
149.jpg 424 193 58 93
150.jpg 472 221 32 36
151.jpg 518 210 52 38
152.jpg 450 212 93 49
153.jpg 424 224 111 52
154.jpg 462 223 114 51
155.jpg 470 227 95 56
156.jpg 496 228 69 48
157.jpg 407 239 36 26
158.jpg 507 235 44 32
159.jpg 592 221 56 27
160.jpg 516 247 43 21
161.jpg 491 223 75 39
162.jpg 419 228 61 33
163.jpg 491 218 28 20
164.jpg 381 206 25 24
165.jpg 409 181 78 66
166.jpg 419 171 121 72
167.jpg 418 157 157 67
168.jpg 465 124 155 78
169.jpg 456 152 79 68
170.jpg 506 198 52 48
171.jpg 504 187 70 48
172.jpg 454 207 79 51
173.jpg 509 194 79 51
174.jpg 466 202 83 55
175.jpg 471 240 63 48
176.jpg 410 240 54 33
177.jpg 395 192 46 32
178.jpg 441 210 49 27
179.jpg 401 210 42 23
180.jpg 542 243 46 24
181.jpg 458 264 35 19
182.jpg 397 222 37 23
183.jpg 521 227 43 24
184.jpg 478 239 19 9
185.jpg 578 218 21 10
186.jpg 653 186 32 17
187.jpg 570 212 33 12
188.jpg 603 266 26 11
189.jpg 395 183 79 63
190.jpg 436 185 115 71
191.jpg 441 186 168 107
192.jpg 471 183 130 81
193.jpg 486 203 57 75
194.jpg 468 204 55 37
195.jpg 457 174 70 40
196.jpg 500 227 78 39
197.jpg 458 177 73 45
198.jpg 368 218 46 47
199.jpg 467 259 36 24
200.jpg 464 220 43 24
201.jpg 487 219 46 29
202.jpg 493 227 51 29
203.jpg 465 224 51 30
204.jpg 493 201 50 31
205.jpg 407 232 45 25
206.jpg 381 281 39 24
207.jpg 462 254 29 18
208.jpg 431 218 21 12
209.jpg 464 244 21 11
210.jpg 490 251 23 12
