1.jpg 119 301 189 276
2.jpg 89 250 262 291
3.jpg 102 238 154 222
4.jpg 264 285 49 175
5.jpg 202 355 66 99
6.jpg 158 334 90 109
7.jpg 168 297 100 114
8.jpg 197 264 96 111
9.jpg 234 294 77 100
11.jpg 248 349 34 46
12.jpg 256 294 41 51
13.jpg 277 264 45 54
14.jpg 298 286 43 49
15.jpg 246 246 38 46
21.jpg 262 264 32 37
28.jpg 210 285 158 237
29.jpg 70 300 218 258
30.jpg 58 198 202 250
31.jpg 168 243 77 174
32.jpg 266 283 54 85
33.jpg 262 271 59 82
34.jpg 258 339 74 82
35.jpg 197 301 80 94
36.jpg 224 295 62 93
37.jpg 287 358 35 43
38.jpg 280 330 40 48
39.jpg 278 283 40 58
40.jpg 270 267 38 51
41.jpg 240 279 38 51
42.jpg 320 340 25 28
44.jpg 291 328 24 28
45.jpg 344 291 24 30
46.jpg 278 336 23 28
50.jpg 273 268 98 178
52.jpg 200 259 127 144
54.jpg 208 295 89 111
56.jpg 320 271 61 79
57.jpg 286 222 62 72
58.jpg 337 247 66 69
60.jpg 348 283 34 52
61.jpg 375 283 36 42
62.jpg 352 291 36 40
63.jpg 319 238 37 42
64.jpg 342 352 24 28
66.jpg 360 288 23 25
67.jpg 322 316 24 24
69.jpg 319 310 16 16
70.jpg 392 307 18 21
72.jpg 354 249 134 181
73.jpg 363 241 132 151
74.jpg 354 244 117 165
75.jpg 446 271 62 82
76.jpg 446 279 74 93
77.jpg 450 261 79 96
78.jpg 438 267 83 94
79.jpg 438 226 80 94
80.jpg 456 283 69 96
81.jpg 339 324 44 57
82.jpg 356 298 48 55
83.jpg 348 313 46 57
84.jpg 400 297 48 58
85.jpg 340 321 41 57
86.jpg 342 339 29 34
87.jpg 404 292 30 37
88.jpg 416 298 34 37
89.jpg 353 315 21 28
91.jpg 355 297 22 27
92.jpg 425 261 25 27
93.jpg 194 291 100 166
94.jpg 168 259 122 154
95.jpg 122 280 145 154
96.jpg 174 256 127 145
97.jpg 242 264 92 144
98.jpg 299 306 57 138
99.jpg 402 265 56 81
100.jpg 268 277 63 85
101.jpg 288 259 78 87
102.jpg 253 265 80 88
103.jpg 333 360 35 42
105.jpg 336 300 36 40
106.jpg 328 283 36 40
107.jpg 236 336 38 45
108.jpg 362 337 26 27
109.jpg 330 327 24 30
110.jpg 345 361 26 28
111.jpg 289 331 22 22
113.jpg 335 348 22 21
114.jpg 158 276 152 181
115.jpg 120 289 156 172
116.jpg 178 235 129 150
117.jpg 144 262 92 115
118.jpg 282 264 62 96
119.jpg 329 274 60 72
120.jpg 285 247 62 72
121.jpg 252 252 64 73
122.jpg 282 271 63 73
123.jpg 296 297 54 70
124.jpg 335 360 33 37
125.jpg 300 264 34 40
126.jpg 314 226 35 40
127.jpg 295 232 35 43
128.jpg 280 271 32 40
130.jpg 306 306 26 34
132.jpg 316 319 25 28
133.jpg 282 358 22 25
134.jpg 308 291 24 28
136.jpg 228 256 123 180
137.jpg 198 294 148 180
138.jpg 149 277 156 171
139.jpg 152 237 107 156
140.jpg 438 288 66 78
141.jpg 382 220 74 87
142.jpg 386 219 78 88
143.jpg 324 235 74 87
144.jpg 269 231 49 87
145.jpg 330 355 31 45
146.jpg 374 310 35 46
147.jpg 386 241 38 48
148.jpg 366 276 40 45
149.jpg 388 291 41 46
150.jpg 409 247 42 46
151.jpg 335 328 38 43
158.jpg 433 238 52 172
159.jpg 448 244 142 234
160.jpg 366 256 188 217
161.jpg 348 270 188 211
162.jpg 337 262 134 204
163.jpg 399 286 77 103
164.jpg 340 285 81 90
165.jpg 393 271 78 84
166.jpg 411 304 76 88
167.jpg 401 285 62 82
168.jpg 416 247 54 97
169.jpg 328 316 33 58
170.jpg 422 267 43 61
171.jpg 446 256 55 66
172.jpg 432 268 48 52
173.jpg 392 259 47 52
174.jpg 357 333 42 48
175.jpg 342 352 25 27
180.jpg 250 300 108 163
181.jpg 262 249 142 171
182.jpg 182 219 147 184
183.jpg 222 252 120 168
184.jpg 243 294 71 157
185.jpg 276 298 44 87
186.jpg 371 277 54 87
187.jpg 368 270 69 94
188.jpg 337 292 73 81
189.jpg 350 268 74 84
190.jpg 330 276 58 76
191.jpg 291 309 25 37
192.jpg 320 262 33 42
193.jpg 313 232 37 45
194.jpg 305 178 42 49
195.jpg 346 196 42 48
196.jpg 326 237 44 55
197.jpg 310 244 37 48
198.jpg 367 282 30 43
199.jpg 350 331 24 31
200.jpg 315 315 32 40
201.jpg 299 339 31 34
202.jpg 393 289 33 37
203.jpg 318 307 30 36
204.jpg 414 282 130 208
205.jpg 390 204 136 198
206.jpg 387 219 118 132
207.jpg 376 213 112 135
208.jpg 363 253 93 133
209.jpg 452 265 68 84
210.jpg 424 258 58 72
211.jpg 458 234 63 67
212.jpg 372 244 59 73
213.jpg 368 268 60 78
214.jpg 348 291 27 30
218.jpg 392 325 20 22
219.jpg 450 291 21 24
220.jpg 474 276 22 24
221.jpg 419 249 23 24
