1.jpg 383 270 70 198
2.jpg 486 231 152 267
3.jpg 375 256 236 258
4.jpg 354 309 147 247
5.jpg 314 355 93 112
6.jpg 305 334 104 115
7.jpg 326 300 93 109
8.jpg 349 265 78 106
9.jpg 354 289 52 93
10.jpg 372 333 18 58
11.jpg 306 352 23 40
12.jpg 322 297 29 39
13.jpg 342 265 49 52
14.jpg 366 285 46 54
15.jpg 305 246 42 51
17.jpg 334 301 31 36
19.jpg 294 324 26 28
20.jpg 336 303 31 34
21.jpg 314 265 24 31
22.jpg 377 319 19 30
23.jpg 366 315 17 25
26.jpg 351 282 19 21
31.jpg 278 246 136 202
32.jpg 344 258 78 126
36.jpg 320 300 38 64
37.jpg 340 355 30 42
39.jpg 340 283 33 39
40.jpg 329 274 34 40
41.jpg 290 279 40 49
43.jpg 346 337 20 24
50.jpg 419 270 44 117
52.jpg 374 262 121 138
53.jpg 267 241 112 133
54.jpg 334 300 102 112
55.jpg 388 318 37 55
56.jpg 410 280 46 58
59.jpg 305 301 68 63
60.jpg 400 288 27 37
61.jpg 429 285 28 34
62.jpg 404 295 30 34
63.jpg 370 238 37 45
71.jpg 159 289 148 220
72.jpg 75 270 174 192
73.jpg 185 264 107 135
78.jpg 330 259 72 88
79.jpg 340 222 58 90
85.jpg 275 330 37 43
86.jpg 295 337 30 33
87.jpg 358 294 28 42
89.jpg 322 318 18 24
90.jpg 335 315 20 27
93.jpg 342 261 56 154
94.jpg 340 240 90 150
95.jpg 328 271 130 157
96.jpg 362 249 148 165
97.jpg 389 252 138 181
99.jpg 480 255 57 84
100.jpg 354 265 62 87
101.jpg 396 255 78 91
102.jpg 366 267 82 94
105.jpg 385 298 37 43
106.jpg 378 279 38 43
107.jpg 289 336 29 42
114.jpg 384 270 87 156
115.jpg 368 270 118 174
116.jpg 384 232 130 153
117.jpg 286 253 107 123
118.jpg 375 267 88 111
119.jpg 418 259 53 78
120.jpg 376 237 54 70
121.jpg 347 246 60 82
122.jpg 376 268 64 76
123.jpg 377 294 64 75
124.jpg 384 352 34 39
125.jpg 352 258 33 43
126.jpg 366 222 34 37
127.jpg 346 234 38 45
129.jpg 367 375 21 25
130.jpg 345 303 23 34
131.jpg 361 270 24 34
132.jpg 354 321 22 25
133.jpg 310 355 23 28
135.jpg 333 336 20 25
136.jpg 409 252 34 118
137.jpg 428 295 60 121
138.jpg 398 265 115 160
139.jpg 335 255 147 165
140.jpg 541 276 54 76
141.jpg 500 222 65 84
142.jpg 510 220 80 90
143.jpg 442 238 80 91
144.jpg 346 243 68 91
145.jpg 380 355 39 49
146.jpg 431 307 44 51
147.jpg 448 234 45 52
148.jpg 430 270 43 49
149.jpg 454 285 43 49
150.jpg 480 252 34 37
151.jpg 396 325 28 39
153.jpg 349 282 32 36
155.jpg 339 357 15 18
156.jpg 336 321 16 22
158.jpg 218 228 156 225
159.jpg 142 234 214 241
160.jpg 96 240 183 231
161.jpg 167 256 112 195
162.jpg 256 271 44 147
163.jpg 330 288 44 91
164.jpg 244 297 69 82
165.jpg 292 277 70 78
167.jpg 296 292 74 88
168.jpg 320 259 70 96
169.jpg 276 318 38 55
170.jpg 358 268 46 58
171.jpg 382 258 48 57
173.jpg 329 253 44 54
174.jpg 306 330 36 51
175.jpg 303 348 26 30
180.jpg 415 298 48 109
181.jpg 489 261 80 124
182.jpg 424 226 153 172
183.jpg 412 259 166 180
184.jpg 354 307 132 184
185.jpg 350 295 75 99
186.jpg 464 276 84 99
187.jpg 474 262 83 93
188.jpg 452 289 76 85
189.jpg 461 264 69 85
190.jpg 418 270 48 73
191.jpg 336 307 21 36
192.jpg 372 267 25 39
193.jpg 372 238 28 43
194.jpg 372 184 32 46
195.jpg 412 199 46 52
196.jpg 393 243 46 54
197.jpg 369 241 43 52
198.jpg 414 282 37 48
198.jpg 414 282 37 48
199.jpg 387 334 22 28
200.jpg 360 321 25 36
203.jpg 365 310 24 34
204.jpg 102 312 211 252
205.jpg 82 216 198 217
206.jpg 254 220 86 121
207.jpg 259 223 81 118
208.jpg 282 252 57 117
212.jpg 294 261 49 57
214.jpg 317 292 21 24
216.jpg 352 294 24 27
