1.jpg 463 191 159 75
2.jpg 448 254 113 60
3.jpg 531 233 102 56
5.jpg 188 180 321 137
6.jpg 0 235 403 192
7.jpg 373 173 151 71
8.jpg 302 253 143 67
9.jpg 288 211 124 54
10.jpg 680 164 136 60
11.jpg 536 180 85 38
12.jpg 415 230 35 73
13.jpg 383 235 102 74
14.jpg 396 217 146 74
15.jpg 474 232 135 81
16.jpg 413 231 69 71
17.jpg 368 146 68 46
18.jpg 348 158 80 52
19.jpg 468 180 71 31
20.jpg 466 161 78 34
21.jpg 451 192 64 32
22.jpg 419 237 28 30
23.jpg 444 258 92 45
24.jpg 371 352 87 43
25.jpg 540 198 45 27
26.jpg 454 190 32 34
27.jpg 476 222 49 26
28.jpg 531 289 54 26
29.jpg 546 239 60 30
30.jpg 435 187 46 18
31.jpg 442 187 22 11
32.jpg 509 225 34 16
34.jpg 511 248 20 9
35.jpg 518 209 27 19
37.jpg 440 249 29 24
40.jpg 465 268 16 9
41.jpg 505 267 14 9
42.jpg 540 211 63 64
43.jpg 492 239 101 60
44.jpg 464 229 111 57
45.jpg 601 228 108 50
46.jpg 508 231 74 43
47.jpg 569 226 64 54
48.jpg 410 194 41 42
49.jpg 574 185 66 41
50.jpg 518 191 74 41
51.jpg 566 215 84 43
52.jpg 574 196 89 45
53.jpg 551 225 71 43
54.jpg 470 227 60 49
55.jpg 447 234 19 27
56.jpg 490 274 42 33
57.jpg 516 252 38 26
58.jpg 554 216 49 27
59.jpg 522 244 51 26
60.jpg 523 229 47 25
61.jpg 530 236 49 26
62.jpg 575 261 22 15
63.jpg 522 281 35 15
64.jpg 518 269 34 17
65.jpg 451 276 26 15
66.jpg 471 292 24 10
68.jpg 495 268 23 9
69.jpg 482 322 8 6
70.jpg 481 241 19 9
71.jpg 457 294 21 15
72.jpg 402 229 72 59
73.jpg 293 216 118 51
74.jpg 348 232 88 44
75.jpg 417 277 42 35
76.jpg 446 291 39 23
77.jpg 401 229 40 30
78.jpg 419 232 29 22
79.jpg 419 205 39 23
80.jpg 429 243 44 23
81.jpg 378 206 59 26
82.jpg 388 315 44 22
83.jpg 444 343 33 19
84.jpg 507 315 20 10
85.jpg 490 277 35 18
86.jpg 410 318 29 17
87.jpg 507 259 21 14
88.jpg 486 242 27 16
89.jpg 508 241 28 14
90.jpg 468 268 32 15
91.jpg 474 285 28 15
92.jpg 468 286 32 16
93.jpg 444 250 30 16
94.jpg 464 341 24 16
95.jpg 427 297 26 13
96.jpg 497 290 22 12
97.jpg 467 228 23 13
98.jpg 498 249 22 12
99.jpg 454 260 21 10
100.jpg 457 233 18 10
101.jpg 421 271 19 10
104.jpg 474 260 21 12
105.jpg 497 258 26 19
106.jpg 481 242 21 10
107.jpg 530 239 12 7
108.jpg 492 265 34 24
110.jpg 522 255 51 23
111.jpg 565 283 22 11
112.jpg 531 277 42 15
113.jpg 551 278 27 15
115.jpg 537 224 28 15
115.jpg 531 224 36 18
116.jpg 536 211 37 19
117.jpg 558 236 50 25
118.jpg 587 239 49 21
119.jpg 610 221 47 26
120.jpg 540 250 36 22
121.jpg 627 233 21 20
122.jpg 547 236 22 23
123.jpg 561 218 24 30
124.jpg 512 197 41 32
125.jpg 495 175 60 39
126.jpg 570 198 88 45
127.jpg 476 169 85 52
128.jpg 456 161 70 60
129.jpg 567 258 106 79
130.jpg 364 213 225 88
131.jpg 426 254 98 45
132.jpg 345 165 100 47
133.jpg 521 145 91 59
134.jpg 500 151 58 51
135.jpg 518 184 36 48
136.jpg 555 184 45 43
137.jpg 444 198 62 40
138.jpg 396 169 85 46
139.jpg 420 197 85 45
140.jpg 629 139 102 56
141.jpg 520 119 82 36
142.jpg 470 218 71 35
143.jpg 533 203 72 37
144.jpg 584 152 45 20
145.jpg 461 139 46 24
146.jpg 480 174 60 32
147.jpg 408 167 59 33
148.jpg 435 163 55 33
149.jpg 419 149 50 33
150.jpg 494 190 30 16
152.jpg 412 176 36 23
154.jpg 510 205 34 15155.jpg 344 136 61 34
156.jpg 394 75 30 13
157.jpg 492 156 24 12
159.jpg 544 225 32 17
160.jpg 490 237 16 9
161.jpg 468 238 23 10
162.jpg 460 226 21 14
163.jpg 559 224 22 9
165.jpg 479 218 22 13
169.jpg 454 223 25 9
171.jpg 490 265 14 7
176.jpg 469 236 22 11
178.jpg 322 182 180 124
179.jpg 211 184 274 138
180.jpg 179 202 268 136
181.jpg 395 187 178 120
182.jpg 385 190 99 117
183.jpg 416 225 57 115
184.jpg 408 202 68 85
185.jpg 381 210 82 60
186.jpg 329 186 97 63
187.jpg 293 227 115 66
188.jpg 324 218 123 67
189.jpg 344 209 125 65
190.jpg 351 210 114 64
191.jpg 452 253 58 28
192.jpg 398 241 49 27
193.jpg 456 254 68 34
194.jpg 419 257 62 33
195.jpg 387 280 49 31
196.jpg 396 268 39 30
197.jpg 474 291 33 19
198.jpg 457 261 36 19
199.jpg 451 259 42 20
201.jpg 512 255 49 37
202.jpg 468 226 28 20
203.jpg 478 226 31 17
204.jpg 430 220 32 15
205.jpg 522 274 35 28
206.jpg 515 243 19 14
208.jpg 450 251 14 7
209.jpg 538 250 15 7
209.jpg 517 246 38 13
209.jpg 350 220 273 71
210.jpg 485 231 78 68
211.jpg 513 184 117 79
212.jpg 553 183 157 89
213.jpg 493 195 178 91
214.jpg 526 166 194 96
215.jpg 516 198 184 96
216.jpg 439 173 154 103
217.jpg 497 191 107 110
218.jpg 504 230 69 47
219.jpg 473 210 87 54
220.jpg 438 220 95 50
221.jpg 478 231 101 50
222.jpg 469 225 98 54
223.jpg 450 233 95 52
224.jpg 471 222 81 58
225.jpg 515 204 56 64
226.jpg 471 214 49 33
227.jpg 490 199 58 33
228.jpg 458 219 66 34
230.jpg 541 205 86 40
231.jpg 475 238 43 21
234.jpg 510 245 34 16
236.jpg 469 235 36 21
240.jpg 479 220 22 15
241.jpg 505 221 45 29
