1.jpg 456 240 51 152
2.jpg 457 238 37 153
3.jpg 445 208 80 157
4.jpg 446 206 80 157
5.jpg 462 177 140 180
6.jpg 462 176 141 182
7.jpg 466 182 197 193
8.jpg 466 178 199 193
9.jpg 422 161 223 197
10.jpg 384 111 230 215
11.jpg 390 141 206 224
12.jpg 438 149 175 245
13.jpg 451 177 128 254
14.jpg 453 172 129 253
15.jpg 541 253 64 69
16.jpg 536 249 66 67
17.jpg 442 238 78 74
18.jpg 455 241 56 43
19.jpg 502 204 84 76
20.jpg 464 264 70 75
21.jpg 478 273 41 75
22.jpg 480 274 41 75
23.jpg 542 279 36 33
24.jpg 540 280 36 33
25.jpg 522 272 38 36
26.jpg 527 271 36 32
27.jpg 448 289 36 35
28.jpg 499 357 29 27
29.jpg 502 360 21 23
30.jpg 515 282 29 29
31.jpg 512 284 29 27
32.jpg 443 269 29 27
33.jpg 442 269 29 28
34.jpg 506 336 28 26
35.jpg 512 338 28 25
36.jpg 464 286 24 19
37.jpg 462 288 22 20
39.jpg 505 286 20 17
41.jpg 488 305 17 16
78.jpg 345 225 138 127
79.jpg 456 288 199 211
80.jpg 245 110 234 208
81.jpg 323 242 149 157
82.jpg 329 244 148 156
83.jpg 411 208 86 78
84.jpg 414 209 86 80
85.jpg 378 200 81 77
86.jpg 377 203 80 77
87.jpg 459 322 53 53
88.jpg 450 313 57 53
89.jpg 392 285 40 38
90.jpg 395 284 41 38
91.jpg 486 285 29 27
92.jpg 485 288 29 26
93.jpg 425 307 28 26
94.jpg 427 304 28 27
95.jpg 495 307 28 26
96.jpg 496 304 31 31
97.jpg 478 310 28 32
98.jpg 478 309 27 31
99.jpg 393 194 207 187
100.jpg 388 179 206 184
101.jpg 406 153 162 183
102.jpg 404 150 160 179
103.jpg 243 222 153 158
104.jpg 264 187 148 168
105.jpg 403 245 88 117
106.jpg 434 262 46 83
107.jpg 438 225 34 71
108.jpg 397 209 53 73
109.jpg 450 274 60 71
110.jpg 453 278 70 73
111.jpg 449 279 82 76
112.jpg 453 299 84 81
113.jpg 455 312 67 67
114.jpg 454 265 69 80
115.jpg 484 275 54 64
116.jpg 427 272 40 38
117.jpg 461 270 34 37
118.jpg 456 269 34 37
119.jpg 410 220 40 37
120.jpg 361 238 30 30
121.jpg 361 285 27 26
122.jpg 352 346 26 25
123.jpg 442 334 24 21
124.jpg 438 332 28 24
125.jpg 372 244 163 175
126.jpg 373 243 163 176
127.jpg 257 207 246 216
128.jpg 261 205 246 220
129.jpg 241 190 205 213
130.jpg 247 190 203 213
131.jpg 348 237 97 155
132.jpg 386 224 50 149
133.jpg 458 267 37 61
134.jpg 415 268 57 74
135.jpg 411 272 56 73
136.jpg 372 253 83 87
137.jpg 388 262 69 65
138.jpg 347 240 100 86
139.jpg 368 244 69 50
140.jpg 397 252 85 78
141.jpg 384 258 86 83
142.jpg 481 290 50 44
143.jpg 459 286 50 44
144.jpg 518 283 56 53
145.jpg 531 281 56 52
146.jpg 458 278 52 45
147.jpg 467 283 40 38
148.jpg 439 246 34 35
149.jpg 385 253 31 34
150.jpg 448 278 26 25
151.jpg 445 279 27 26
152.jpg 445 264 28 25
153.jpg 436 263 28 26
154.jpg 469 264 26 23
155.jpg 486 259 25 23
157.jpg 411 398 19 21
158.jpg 407 294 45 55
159.jpg 428 301 55 58
157.jpg 411 398 19 21
158.jpg 463 284 24 65
159.jpg 503 297 30 55
160.jpg 517 256 53 60
161.jpg 495 244 55 60
162.jpg 489 269 67 63
163.jpg 481 267 64 58
164.jpg 450 280 56 56
165.jpg 423 273 45 53
166.jpg 468 253 25 36
167.jpg 387 287 31 37
168.jpg 425 297 39 40
169.jpg 391 278 48 44
170.jpg 469 328 54 49
171.jpg 536 313 53 49
172.jpg 529 282 41 48
173.jpg 531 287 40 48
174.jpg 583 300 32 47
175.jpg 521 263 39 35
176.jpg 538 396 38 34
177.jpg 483 285 32 29
178.jpg 507 270 29 28
179.jpg 467 275 24 18
180.jpg 508 305 22 21
181.jpg 399 251 22 20
182.jpg 426 247 18 14
183.jpg 556 304 62 85
184.jpg 435 287 63 66
185.jpg 486 269 79 73
186.jpg 466 241 62 57
187.jpg 401 244 60 59
188.jpg 411 322 64 59
189.jpg 468 296 45 42
190.jpg 432 282 39 34
191.jpg 408 293 35 31
192.jpg 434 300 33 30
193.jpg 492 354 31 28
194.jpg 506 376 30 27
195.jpg 513 386 30 28
196.jpg 539 336 27 24
197.jpg 504 336 25 23
198.jpg 435 328 22 19
199.jpg 435 309 19 16
200.jpg 547 291 17 14
201.jpg 523 329 16 13
