1.jpg 406 290 135 173
2.jpg 400 273 175 127
3.jpg 282 261 221 115
4.jpg 307 286 224 106
5.jpg 345 271 223 102
6.jpg 332 279 198 99
7.jpg 398 306 204 112
8.jpg 411 225 130 105
9.jpg 375 296 110 57
10.jpg 312 253 124 60
11.jpg 379 271 122 60
12.jpg 292 279 132 62
13.jpg 287 273 125 67
14.jpg 409 275 89 76
15.jpg 481 295 72 46
16.jpg 364 257 84 45
17.jpg 364 272 98 45
18.jpg 443 291 89 44
19.jpg 490 274 87 45
20.jpg 402 319 79 46
21.jpg 418 305 77 36
22.jpg 416 313 76 37
24.jpg 427 286 59 27
25.jpg 402 296 58 27
26.jpg 479 290 64 70
27.jpg 381 299 97 85
28.jpg 251 276 136 90
29.jpg 217 283 166 95
30.jpg 204 300 188 92
31.jpg 127 325 181 90
32.jpg 477 488 166 89
33.jpg 401 351 84 77
34.jpg 315 295 111 55
35.jpg 315 308 104 54
36.jpg 339 296 90 52
37.jpg 398 256 78 53
38.jpg 390 311 43 42
39.jpg 342 429 57 49
40.jpg 354 277 70 36
41.jpg 343 273 74 41
42.jpg 425 299 55 35
43.jpg 463 310 46 34
44.jpg 713 307 38 36
45.jpg 401 374 48 24
46.jpg 381 327 46 28
47.jpg 404 318 48 25
48.jpg 436 339 35 16
49.jpg 418 373 26 15
50.jpg 459 366 32 19
51.jpg 443 383 25 16
52.jpg 542 273 52 98
53.jpg 471 227 65 85
54.jpg 499 234 99 97
55.jpg 494 214 118 105
56.jpg 597 220 115 106
58.jpg 547 239 60 79
59.jpg 557 254 58 76
60.jpg 543 228 41 56
61.jpg 569 244 63 67
62.jpg 578 228 105 96
63.jpg 520 259 99 83
64.jpg 544 238 80 74
65.jpg 542 243 59 69
66.jpg 512 241 33 58
67.jpg 524 230 37 51
68.jpg 467 244 45 51
69.jpg 514 245 57 52
70.jpg 410 254 44 44
71.jpg 565 265 34 45
72.jpg 461 274 31 28
73.jpg 551 257 47 41
74.jpg 487 294 41 38
75.jpg 482 345 29 28
76.jpg 531 286 27 25
77.jpg 419 299 80 77
78.jpg 425 301 108 74
79.jpg 321 300 172 90
80.jpg 341 317 172 80
81.jpg 437 301 172 87
82.jpg 365 323 163 90
83.jpg 400 304 151 93
84.jpg 450 292 101 93
85.jpg 463 330 68 48
86.jpg 398 298 99 56
87.jpg 356 269 111 57
88.jpg 419 289 118 58
89.jpg 390 307 69 44
90.jpg 393 287 42 36
91.jpg 472 362 45 29
92.jpg 400 300 55 29
93.jpg 427 312 70 34
94.jpg 399 296 72 34
95.jpg 424 365 45 26
96.jpg 467 352 55 24
97.jpg 375 353 57 25
98.jpg 446 356 41 24
99.jpg 428 339 32 18
100.jpg 434 326 32 18
101.jpg 512 283 58 68
102.jpg 517 291 96 70
103.jpg 581 274 113 66
105.jpg 673 298 144 70
106.jpg 612 290 134 68
107.jpg 602 298 118 69
108.jpg 507 249 86 73
109.jpg 554 317 62 73
110.jpg 586 280 72 50
111.jpg 439 296 84 50
112.jpg 526 296 93 49
113.jpg 507 304 94 47
114.jpg 588 284 90 45
115.jpg 494 298 83 49
116.jpg 484 330 56 48
117.jpg 444 326 44 34
118.jpg 466 308 54 33
119.jpg 448 318 61 32
120.jpg 515 339 65 32
121.jpg 504 327 64 33
122.jpg 429 329 57 33
123.jpg 553 348 40 32
124.jpg 501 350 39 22
125.jpg 468 349 45 22
126.jpg 473 322 46 23
127.jpg 472 316 36 20
128.jpg 479 359 36 19
129.jpg 523 302 71 156
130.jpg 448 295 145 148
131.jpg 413 321 141 127
132.jpg 437 299 126 115
133.jpg 422 320 100 111
134.jpg 476 215 68 113
135.jpg 541 209 40 121
137.jpg 439 300 63 78
138.jpg 413 296 74 75
139.jpg 429 330 78 71
140.jpg 465 296 74 65
141.jpg 379 329 66 63
142.jpg 359 346 40 42
143.jpg 416 297 35 34
144.jpg 481 350 37 33
145.jpg 477 343 39 32
146.jpg 431 299 37 34
147.jpg 458 314 38 37
148.jpg 371 298 30 28
149.jpg 448 329 29 27
150.jpg 445 318 29 26
151.jpg 383 414 28 25
152.jpg 455 315 24 21
153.jpg 405 318 23 22
154.jpg 399 220 109 176
155.jpg 454 245 157 165
156.jpg 403 199 168 149
157.jpg 420 219 169 145
158.jpg 511 214 145 159
159.jpg 453 210 75 159
160.jpg 530 206 58 167
161.jpg 451 202 69 220
162.jpg 397 287 79 102
163.jpg 407 253 100 99
164.jpg 405 250 105 95
167.jpg 394 247 68 95
168.jpg 471 284 48 60
169.jpg 489 356 53 52
170.jpg 478 296 67 59
171.jpg 432 277 69 62
172.jpg 412 277 67 67
173.jpg 445 287 52 60
174.jpg 421 420 36 34
175.jpg 496 320 35 31
176.jpg 490 367 45 41
177.jpg 483 337 29 27
178.jpg 492 363 26 24
179.jpg 445 406 37 69
180.jpg 495 356 72 81
181.jpg 502 363 87 87
182.jpg 593 333 101 86
183.jpg 629 347 66 64
184.jpg 620 337 67 73
185.jpg 592 348 47 58
186.jpg 529 390 41 64
187.jpg 468 370 44 59
188.jpg 477 361 55 59
189.jpg 503 329 69 60
190.jpg 450 371 65 62
191.jpg 464 317 54 59
192.jpg 493 353 35 50
193.jpg 513 369 24 32
194.jpg 445 350 29 33
195.jpg 446 353 42 40
196.jpg 468 339 47 44
197.jpg 452 325 50 44
198.jpg 472 343 34 37
199.jpg 404 319 33 35
200.jpg 467 295 36 33
201.jpg 440 290 33 29
202.jpg 477 293 30 28
203.jpg 504 323 32 29
