13.jpg 587 305 127 145
14.jpg 603 316 162 168
15.jpg 533 265 254 142
16.jpg 571 285 261 120
17.jpg 578 300 204 86
18.jpg 490 321 161 79
19.jpg 832 481 110 69
20.jpg 531 346 47 61
22.jpg 519 306 128 59
23.jpg 517 294 124 64
24.jpg 549 259 121 64
25.jpg 482 322 53 49
29.jpg 538 300 79 40
30.jpg 560 312 42 39
32.jpg 493 375 50 22
33.jpg 470 330 52 28
34.jpg 494 325 117 57
36.jpg 480 373 30 16
37.jpg 524 367 32 20
38.jpg 495 384 26 18
39.jpg 501 297 34 66
40.jpg 398 246 65 69
41.jpg 401 238 98 92
42.jpg 378 219 119 97
43.jpg 472 224 131 104
44.jpg 452 232 97 95
45.jpg 482 285 59 37
46.jpg 512 257 44 60
47.jpg 485 222 50 70
48.jpg 471 235 61 90
49.jpg 462 227 119 95
50.jpg 419 255 102 84
51.jpg 455 241 87 71
52.jpg 487 251 53 58
53.jpg 487 253 18 34
54.jpg 479 248 42 36
55.jpg 414 245 53 49
56.jpg 454 246 64 51
57.jpg 360 266 54 35
58.jpg 531 273 35 34
59.jpg 421 276 40 36
60.jpg 510 261 38 33
61.jpg 449 302 41 31
62.jpg 446 342 34 29
63.jpg 491 284 39 30
64.jpg 410 289 88 91
65.jpg 364 296 125 83
66.jpg 396 278 149 74
67.jpg 470 302 150 66
69.jpg 451 310 109 53
70.jpg 413 263 48 40
71.jpg 485 328 43 49
72.jpg 498 284 67 42
73.jpg 331 302 82 44
74.jpg 402 302 94 44
75.jpg 369 307 105 46
76.jpg 451 289 108 48
77.jpg 384 305 91 49
78.jpg 405 332 67 58
79.jpg 382 328 50 38
80.jpg 385 310 51 36
81.jpg 357 319 73 34
82.jpg 420 340 73 33
83.jpg 409 328 70 32
84.jpg 345 329 64 32
85.jpg 495 353 29 22
86.jpg 436 352 47 22
87.jpg 400 350 53 23
88.jpg 413 325 49 22
89.jpg 423 318 39 17
90.jpg 437 364 19 11
91.jpg 427 279 58 92
92.jpg 334 222 114 122
93.jpg 348 210 148 138
94.jpg 345 194 155 128
95.jpg 280 140 251 216
96.jpg 434 173 169 179
97.jpg 400 194 90 158
98.jpg 384 144 73 164
99.jpg 418 265 61 75
100.jpg 372 214 93 80
101.jpg 373 197 115 95
102.jpg 358 182 109 106
103.jpg 446 206 91 122
104.jpg 330 215 36 78
105.jpg 528 434 63 61
106.jpg 611 289 75 61
107.jpg 608 282 80 66
108.jpg 501 196 95 71
109.jpg 615 225 64 67
110.jpg 518 250 45 70
111.jpg 447 226 65 55
112.jpg 499 249 69 56
113.jpg 603 264 47 28
114.jpg 629 297 43 30
115.jpg 542 261 50 39
116.jpg 497 284 37 64
117.jpg 480 223 77 78
118.jpg 575 170 113 87
119.jpg 488 192 118 85
120.jpg 537 154 175 128
121.jpg 582 169 101 104
122.jpg 552 161 76 94
123.jpg 528 178 55 72
124.jpg 528 211 12 48
125.jpg 454 181 59 67
126.jpg 496 249 146 87
127.jpg 447 197 78 62
128.jpg 499 220 47 52
129.jpg 433 222 30 48
130.jpg 475 291 29 38
132.jpg 470 247 58 35
133.jpg 547 139 65 56
134.jpg 490 252 52 46
135.jpg 557 329 44 40
136.jpg 532 284 51 36
137.jpg 466 255 34 38
138.jpg 542 251 50 39
139.jpg 590 283 38 29
140.jpg 492 322 17 19
141.jpg 480 259 65 77
142.jpg 544 207 103 93
143.jpg 561 207 116 97
144.jpg 666 177 111 96
145.jpg 691 222 67 67
146.jpg 669 223 50 73
148.jpg 562 257 43 70
149.jpg 510 272 46 47
150.jpg 519 246 40 73
151.jpg 557 232 72 53
152.jpg 508 282 52 49
153.jpg 513 234 45 47
154.jpg 533 239 47 49
155.jpg 534 291 22 31
156.jpg 473 268 29 32
157.jpg 478 268 40 38
158.jpg 499 258 44 35
159.jpg 482 237 50 37
160.jpg 495 251 56 53
161.jpg 424 261 42 26
162.jpg 491 224 42 33
163.jpg 469 232 27 27
164.jpg 499 243 30 22
165.jpg 526 272 34 26
166.jpg 450 200 109 125
168.jpg 293 252 74 73
169.jpg 206 203 115 86
170.jpg 195 216 113 79
171.jpg 212 171 135 98
172.jpg 249 184 114 97
173.jpg 290 376 81 74
174.jpg 384 284 45 48
175.jpg 447 255 56 59
176.jpg 527 256 46 43
178.jpg 395 240 57 47
179.jpg 374 181 86 65
180.jpg 410 202 48 40
182.jpg 414 200 63 45
183.jpg 355 191 64 45
184.jpg 317 181 64 47
185.jpg 447 263 61 46
186.jpg 553 259 37 30
187.jpg 525 247 42 31
188.jpg 569 141 29 29
190.jpg 481 242 21 21
191.jpg 454 182 91 122
192.jpg 488 180 73 90
193.jpg 567 194 117 89
194.jpg 624 170 173 116
195.jpg 633 157 163 112
196.jpg 659 129 137 99
197.jpg 619 146 110 101
198.jpg 676 182 71 82
199.jpg 612 138 54 59
200.jpg 390 181 40 54
201.jpg 522 225 54 66
202.jpg 397 199 84 63
203.jpg 395 217 83 62
204.jpg 449 200 69 53
205.jpg 416 252 56 45
206.jpg 475 272 53 39
207.jpg 559 351 54 42
211.jpg 444 273 22 19
212.jpg 515 273 18 18
213.jpg 518 203 31 23
21.jpg 542 304 96 40
26.jpg 440 433 15 31
27.jpg 514 280 58 26
28.jpg 498 269 97 46
31.jpg 779 318 35 28
35.jpg 509 341 19 12
68.jpg 423 294 136 63
131.jpg 490 266 56 53
147.jpg 625 215 67 82
177.jpg 438 211 67 52
208.jpg 515 306 28 30
209.jpg 470 363 37 30
210.jpg 434 285 38 31
